Edge	4	1412	507	0	0	0	4	-1
	Sequence	+edge_3_0_+disjointig_100_0_36569 36569 3 36570 0 36569
Edge	5	1393	648	0	0	0	4	-1
	Sequence	-edge_3_0_+disjointig_100_0_36569 36569 -3 36570 0 36569
Edge	6	1176	59	0	0	0	6	-1
	Sequence	+edge_4_0_+disjointig_101_0_113349 113349 4 113350 0 113349
Edge	7	127	249	0	0	0	6	-1
	Sequence	-edge_4_0_+disjointig_101_0_113349 113349 -4 113350 0 113349
Edge	8	1266	905	0	0	0	7	-1
	Sequence	+edge_5_0_+disjointig_102_0_73399 73399 5 73400 0 73399
Edge	9	877	766	0	0	0	7	-1
	Sequence	-edge_5_0_+disjointig_102_0_73399 73399 -5 73400 0 73399
Edge	10	231	1168	0	0	0	4	-1
	Sequence	+edge_6_0_+disjointig_103_0_29307 29307 6 29308 0 29307
Edge	11	1322	1256	0	0	0	4	-1
	Sequence	-edge_6_0_+disjointig_103_0_29307 29307 -6 29308 0 29307
Edge	12	1161	1183	1	0	0	9	-1
	Sequence	+edge_7_0_+disjointig_104_0_96819 96819 7 96820 0 96819
Edge	13	315	412	1	0	0	9	-1
	Sequence	-edge_7_0_+disjointig_104_0_96819 96819 -7 96820 0 96819
Edge	14	759	645	0	0	0	4	-1
	Sequence	+edge_8_0_+disjointig_105_0_71339 71339 8 71340 0 71339
Edge	15	1303	1040	0	0	0	4	-1
	Sequence	-edge_8_0_+disjointig_105_0_71339 71339 -8 71340 0 71339
Edge	16	1374	1160	0	0	0	5	-1
	Sequence	+edge_9_0_+disjointig_106_0_42568 42568 9 42569 0 42568
Edge	17	992	1351	0	0	0	5	-1
	Sequence	-edge_9_0_+disjointig_106_0_42568 42568 -9 42569 0 42568
Edge	18	1396	1339	1	0	0	8	-1
	Sequence	+edge_10_0_+disjointig_108_0_18708 18708 10 18709 0 18708
Edge	19	920	1357	1	0	0	8	-1
	Sequence	-edge_10_0_+disjointig_108_0_18708 18708 -10 18709 0 18708
Edge	20	1129	1349	0	0	0	6	-1
	Sequence	+edge_11_0_+disjointig_109_0_118956 118956 11 118957 0 118956
Edge	21	1293	360	0	0	0	6	-1
	Sequence	-edge_11_0_+disjointig_109_0_118956 118956 -11 118957 0 118956
Edge	22	1112	1336	0	0	0	6	-1
	Sequence	+edge_12_0_+disjointig_11_0_86167 86167 12 86168 0 86167
Edge	23	1388	1236	0	0	0	6	-1
	Sequence	-edge_12_0_+disjointig_11_0_86167 86167 -12 86168 0 86167
Edge	24	1382	1283	0	0	0	6	-1
	Sequence	+edge_13_0_+disjointig_110_0_50553 50553 13 50554 0 50553
Edge	25	1381	1380	0	0	0	6	-1
	Sequence	-edge_13_0_+disjointig_110_0_50553 50553 -13 50554 0 50553
Edge	28	1208	1097	0	0	0	3	-1
	Sequence	+edge_15_0_+disjointig_113_0_20223 20223 15 20224 0 20223
Edge	29	1041	1262	0	0	0	3	-1
	Sequence	-edge_15_0_+disjointig_113_0_20223 20223 -15 20224 0 20223
Edge	30	872	864	0	0	0	7	-1
	Sequence	+edge_16_0_+disjointig_114_0_32869 32869 16 32870 0 32869
Edge	31	281	1113	0	0	0	7	-1
	Sequence	-edge_16_0_+disjointig_114_0_32869 32869 -16 32870 0 32869
Edge	32	764	1365	0	0	0	7	-1
	Sequence	+edge_17_0_+disjointig_115_0_56952 56952 17 56953 0 56952
Edge	33	1308	1359	0	0	0	7	-1
	Sequence	-edge_17_0_+disjointig_115_0_56952 56952 -17 56953 0 56952
Edge	34	1067	207	0	0	0	6	-1
	Sequence	+edge_18_0_+disjointig_116_0_66911 66911 18 66912 0 66911
Edge	35	282	1172	0	0	0	6	-1
	Sequence	-edge_18_0_+disjointig_116_0_66911 66911 -18 66912 0 66911
Edge	38	1321	363	0	0	0	7	-1
	Sequence	+edge_20_0_+disjointig_118_0_62067 62067 20 62068 0 62067
Edge	39	1282	1316	0	0	0	7	-1
	Sequence	-edge_20_0_+disjointig_118_0_62067 62067 -20 62068 0 62067
Edge	40	256	1223	0	0	0	6	-1
	Sequence	+edge_21_0_+disjointig_119_0_92774 92774 21 92775 0 92774
Edge	41	1355	1395	0	0	0	6	-1
	Sequence	-edge_21_0_+disjointig_119_0_92774 92774 -21 92775 0 92774
Edge	42	1260	1375	0	0	0	6	-1
	Sequence	+edge_22_0_+disjointig_12_0_87525 87525 22 87526 0 87525
Edge	43	498	338	0	0	0	6	-1
	Sequence	-edge_22_0_+disjointig_12_0_87525 87525 -22 87526 0 87525
Edge	44	506	1258	0	0	0	3	-1
	Sequence	+edge_23_0_+disjointig_120_0_10816 10816 23 10817 0 10816
Edge	45	1219	1379	0	0	0	3	-1
	Sequence	-edge_23_0_+disjointig_120_0_10816 10816 -23 10817 0 10816
Edge	46	1082	1286	0	0	0	6	-1
	Sequence	+edge_24_0_+disjointig_122_0_24326 24326 24 24327 0 24326
Edge	47	637	491	0	0	0	6	-1
	Sequence	-edge_24_0_+disjointig_122_0_24326 24326 -24 24327 0 24326
Edge	48	1332	1341	0	0	0	6	-1
	Sequence	+edge_25_0_+disjointig_123_0_22007 22007 25 22008 0 22007
Edge	49	1310	210	0	0	0	6	-1
	Sequence	-edge_25_0_+disjointig_123_0_22007 22007 -25 22008 0 22007
Edge	50	616	374	0	0	0	4	-1
	Sequence	+edge_26_0_+disjointig_124_0_10484 10484 26 10485 0 10484
Edge	51	488	786	0	0	0	4	-1
	Sequence	-edge_26_0_+disjointig_124_0_10484 10484 -26 10485 0 10484
Edge	58	219	1130	1	0	0	11	-1
	Sequence	+edge_30_0_+disjointig_128_0_15179 15179 30 15180 0 15179
Edge	59	1216	425	1	0	0	11	-1
	Sequence	-edge_30_0_+disjointig_128_0_15179 15179 -30 15180 0 15179
Edge	60	1296	1280	0	0	0	4	-1
	Sequence	+edge_31_0_+disjointig_129_0_26181 26181 31 26182 0 26181
Edge	61	1335	984	0	0	0	4	-1
	Sequence	-edge_31_0_+disjointig_129_0_26181 26181 -31 26182 0 26181
Edge	62	66	194	1	0	0	8	-1
	Sequence	+edge_32_0_+disjointig_13_0_126733 126733 32 126734 0 126733
Edge	63	1158	1295	1	0	0	8	-1
	Sequence	-edge_32_0_+disjointig_13_0_126733 126733 -32 126734 0 126733
Edge	64	1333	95	0	0	0	7	-1
	Sequence	+edge_33_0_+disjointig_130_0_10881 10881 33 10882 0 10881
Edge	65	1329	478	0	0	0	7	-1
	Sequence	-edge_33_0_+disjointig_130_0_10881 10881 -33 10882 0 10881
Edge	66	1403	158	0	0	0	4	-1
	Sequence	+edge_34_0_+disjointig_131_0_19386 19386 34 19387 0 19386
Edge	67	1194	1338	0	0	0	4	-1
	Sequence	-edge_34_0_+disjointig_131_0_19386 19386 -34 19387 0 19386
Edge	74	799	1075	1	0	0	8	-1
	Sequence	+edge_38_0_+disjointig_135_0_43646 43646 38 43647 0 43646
Edge	75	401	736	1	0	0	8	-1
	Sequence	-edge_38_0_+disjointig_135_0_43646 43646 -38 43647 0 43646
Edge	76	1054	1019	0	0	0	6	-1
	Sequence	+edge_39_0_+disjointig_136_0_110952 110952 39 110953 0 110952
Edge	77	1234	1325	0	0	0	6	-1
	Sequence	-edge_39_0_+disjointig_136_0_110952 110952 -39 110953 0 110952
Edge	78	1032	1414	0	0	0	7	-1
	Sequence	+edge_40_0_+disjointig_137_0_66803 66803 40 66804 0 66803
Edge	79	80	318	0	0	0	7	-1
	Sequence	-edge_40_0_+disjointig_137_0_66803 66803 -40 66804 0 66803
Edge	80	328	99	0	0	0	4	-1
	Sequence	+edge_41_0_+disjointig_138_0_33116 33116 41 33117 0 33116
Edge	81	1304	1099	0	0	0	4	-1
	Sequence	-edge_41_0_+disjointig_138_0_33116 33116 -41 33117 0 33116
Edge	82	174	1377	0	0	0	5	-1
	Sequence	+edge_42_0_+disjointig_139_0_34729 34729 42 34730 0 34729
Edge	83	1195	781	0	0	0	5	-1
	Sequence	-edge_42_0_+disjointig_139_0_34729 34729 -42 34730 0 34729
Edge	84	1317	1315	0	0	0	6	-1
	Sequence	+edge_43_0_+disjointig_14_0_141793 141793 43 141794 0 141793
Edge	85	1291	1313	0	0	0	6	-1
	Sequence	-edge_43_0_+disjointig_14_0_141793 141793 -43 141794 0 141793
Edge	88	1399	130	0	0	0	3	-1
	Sequence	+edge_45_0_+disjointig_141_0_11009 11009 45 11010 0 11009
Edge	89	504	1327	0	0	0	3	-1
	Sequence	-edge_45_0_+disjointig_141_0_11009 11009 -45 11010 0 11009
Edge	90	1239	534	0	0	0	5	-1
	Sequence	+edge_46_0_+disjointig_142_0_139286 139286 46 139287 0 139286
Edge	91	957	316	0	0	0	5	-1
	Sequence	-edge_46_0_+disjointig_142_0_139286 139286 -46 139287 0 139286
Edge	92	1312	1306	0	0	0	5	-1
	Sequence	+edge_47_0_+disjointig_143_0_42675 42675 47 42676 0 42675
Edge	93	1290	1413	0	0	0	5	-1
	Sequence	-edge_47_0_+disjointig_143_0_42675 42675 -47 42676 0 42675
Edge	98	1370	235	0	0	0	6	-1
	Sequence	+edge_50_0_+disjointig_146_0_47996 47996 50 47997 0 47996
Edge	99	1173	1059	0	0	0	6	-1
	Sequence	-edge_50_0_+disjointig_146_0_47996 47996 -50 47997 0 47996
Edge	100	1289	359	0	0	0	6	-1
	Sequence	+edge_51_0_+disjointig_147_0_43019 43019 51 43020 0 43019
Edge	101	972	778	0	0	0	6	-1
	Sequence	-edge_51_0_+disjointig_147_0_43019 43019 -51 43020 0 43019
Edge	104	548	1294	0	0	0	4	-1
	Sequence	+edge_53_0_+disjointig_149_0_49846 49846 53 49847 0 49846
Edge	105	1237	565	0	0	0	4	-1
	Sequence	-edge_53_0_+disjointig_149_0_49846 49846 -53 49847 0 49846
Edge	114	1279	1268	0	0	0	4	-1
	Sequence	+edge_58_0_+disjointig_154_0_28077 28077 58 28078 0 28077
Edge	115	1274	1273	0	0	0	4	-1
	Sequence	-edge_58_0_+disjointig_154_0_28077 28077 -58 28078 0 28077
Edge	118	201	1009	0	0	0	7	-1
	Sequence	+edge_60_0_+disjointig_156_0_131426 131426 60 131427 0 131426
Edge	119	1228	682	0	0	0	7	-1
	Sequence	-edge_60_0_+disjointig_156_0_131426 131426 -60 131427 0 131426
Edge	120	1299	1084	0	0	0	3	-1
	Sequence	+edge_61_0_+disjointig_157_0_10391 10391 61 10392 0 10391
Edge	121	760	1385	0	0	0	3	-1
	Sequence	-edge_61_0_+disjointig_157_0_10391 10391 -61 10392 0 10391
Edge	124	1250	1300	0	0	0	5	-1
	Sequence	+edge_63_0_+disjointig_159_0_46535 46535 63 46536 0 46535
Edge	125	1265	694	0	0	0	5	-1
	Sequence	-edge_63_0_+disjointig_159_0_46535 46535 -63 46536 0 46535
Edge	132	622	230	0	0	0	4	-1
	Sequence	+edge_67_0_+disjointig_162_0_34167 34167 67 34168 0 34167
Edge	133	1149	1028	0	0	0	4	-1
	Sequence	-edge_67_0_+disjointig_162_0_34167 34167 -67 34168 0 34167
Edge	136	559	789	0	0	0	5	-1
	Sequence	+edge_69_0_+disjointig_164_0_91525 91525 69 91526 0 91525
Edge	137	659	829	0	0	0	5	-1
	Sequence	-edge_69_0_+disjointig_164_0_91525 91525 -69 91526 0 91525
Edge	142	1238	727	0	0	0	4	-1
	Sequence	+edge_72_0_+disjointig_167_0_45283 45283 72 45284 0 45283
Edge	143	1023	915	0	0	0	4	-1
	Sequence	-edge_72_0_+disjointig_167_0_45283 45283 -72 45284 0 45283
Edge	144	867	1024	0	0	0	6	-1
	Sequence	+edge_73_0_+disjointig_168_0_34991 34991 73 34992 0 34991
Edge	145	969	1062	0	0	0	6	-1
	Sequence	-edge_73_0_+disjointig_168_0_34991 34991 -73 34992 0 34991
Edge	146	847	1071	0	0	0	6	-1
	Sequence	+edge_74_0_+disjointig_169_0_46972 46972 74 46973 0 46972
Edge	147	1302	823	0	0	0	6	-1
	Sequence	-edge_74_0_+disjointig_169_0_46972 46972 -74 46973 0 46972
Edge	148	1245	1363	0	0	0	6	-1
	Sequence	+edge_75_0_+disjointig_17_0_66787 66787 75 66788 0 66787
Edge	149	840	1226	0	0	0	6	-1
	Sequence	-edge_75_0_+disjointig_17_0_66787 66787 -75 66788 0 66787
Edge	152	561	1353	0	0	0	4	-1
	Sequence	+edge_77_0_+disjointig_171_0_14082 14082 77 14083 0 14082
Edge	153	987	639	0	0	0	4	-1
	Sequence	-edge_77_0_+disjointig_171_0_14082 14082 -77 14083 0 14082
Edge	156	1220	746	0	0	0	3	-1
	Sequence	+edge_79_0_+disjointig_173_0_29869 29869 79 29870 0 29869
Edge	157	1405	1217	0	0	0	3	-1
	Sequence	-edge_79_0_+disjointig_173_0_29869 29869 -79 29870 0 29869
Edge	160	773	845	0	0	0	5	-1
	Sequence	+edge_81_0_+disjointig_175_0_24496 24496 81 24497 0 24496
Edge	161	714	220	0	0	0	5	-1
	Sequence	-edge_81_0_+disjointig_175_0_24496 24496 -81 24497 0 24496
Edge	162	1124	1230	0	0	0	4	-1
	Sequence	+edge_82_0_+disjointig_176_0_27479 27479 82 27480 0 27479
Edge	163	1368	1287	0	0	0	4	-1
	Sequence	-edge_82_0_+disjointig_176_0_27479 27479 -82 27480 0 27479
Edge	164	753	935	0	0	0	4	-1
	Sequence	+edge_83_0_+disjointig_178_0_8294 8294 83 8295 0 8294
Edge	165	793	756	0	0	0	4	-1
	Sequence	-edge_83_0_+disjointig_178_0_8294 8294 -83 8295 0 8294
Edge	170	1210	1402	0	0	0	5	-1
	Sequence	+edge_86_0_+disjointig_181_0_35757 35757 86 35758 0 35757
Edge	171	1307	1069	0	0	0	5	-1
	Sequence	-edge_86_0_+disjointig_181_0_35757 35757 -86 35758 0 35757
Edge	172	945	1207	0	0	0	5	-1
	Sequence	+edge_87_0_+disjointig_182_0_59182 59182 87 59183 0 59182
Edge	173	991	1361	0	0	0	5	-1
	Sequence	-edge_87_0_+disjointig_182_0_59182 59182 -87 59183 0 59182
Edge	174	1205	108	0	0	0	7	-1
	Sequence	+edge_88_0_+disjointig_184_0_45629 45629 88 45630 0 45629
Edge	175	280	1202	0	0	0	7	-1
	Sequence	-edge_88_0_+disjointig_184_0_45629 45629 -88 45630 0 45629
Edge	176	1201	1416	0	0	0	5	-1
	Sequence	+edge_89_0_+disjointig_185_0_25777 25777 89 25778 0 25777
Edge	177	1037	1200	0	0	0	5	-1
	Sequence	-edge_89_0_+disjointig_185_0_25777 25777 -89 25778 0 25777
Edge	180	126	721	0	0	0	4	-1
	Sequence	+edge_91_0_+disjointig_187_0_20073 20073 91 20074 0 20073
Edge	181	1193	1156	0	0	0	4	-1
	Sequence	-edge_91_0_+disjointig_187_0_20073 20073 -91 20074 0 20073
Edge	182	1085	1221	0	0	0	7	-1
	Sequence	+edge_92_0_+disjointig_189_0_24254 24254 92 24255 0 24254
Edge	183	956	588	0	0	0	7	-1
	Sequence	-edge_92_0_+disjointig_189_0_24254 24254 -92 24255 0 24254
Edge	184	1372	848	0	0	0	6	-1
	Sequence	+edge_93_0_+disjointig_19_0_19365 19365 93 19366 0 19365
Edge	185	621	1020	0	0	0	6	-1
	Sequence	-edge_93_0_+disjointig_19_0_19365 19365 -93 19366 0 19365
Edge	186	1150	1186	0	0	0	5	-1
	Sequence	+edge_94_0_+disjointig_190_0_42306 42306 94 42307 0 42306
Edge	187	1058	1187	0	0	0	5	-1
	Sequence	-edge_94_0_+disjointig_190_0_42306 42306 -94 42307 0 42306
Edge	188	673	1185	0	0	0	4	-1
	Sequence	+edge_95_0_+disjointig_191_0_24161 24161 95 24162 0 24161
Edge	189	437	1184	0	0	0	4	-1
	Sequence	-edge_95_0_+disjointig_191_0_24161 24161 -95 24162 0 24161
Edge	192	234	1043	0	0	0	7	-1
	Sequence	+edge_97_0_+disjointig_193_0_86008 86008 97 86009 0 86008
Edge	193	1182	1214	0	0	0	7	-1
	Sequence	-edge_97_0_+disjointig_193_0_86008 86008 -97 86009 0 86008
Edge	196	1251	1025	0	0	0	7	-1
	Sequence	+edge_99_0_+disjointig_195_0_87213 87213 99 87214 0 87213
Edge	197	995	1175	0	0	0	7	-1
	Sequence	-edge_99_0_+disjointig_195_0_87213 87213 -99 87214 0 87213
Edge	198	1270	1131	0	0	0	5	-1
	Sequence	+edge_100_0_+disjointig_197_0_66839 66839 100 66840 0 66839
Edge	199	594	1373	0	0	0	5	-1
	Sequence	-edge_100_0_+disjointig_197_0_66839 66839 -100 66840 0 66839
Edge	206	1164	1106	0	0	0	6	-1
	Sequence	+edge_104_0_+disjointig_20_0_109717 109717 104 109718 0 109717
Edge	207	707	1144	0	0	0	6	-1
	Sequence	-edge_104_0_+disjointig_20_0_109717 109717 -104 109718 0 109717
Edge	208	670	1162	0	0	0	3	-1
	Sequence	+edge_105_0_+disjointig_200_0_7990 7990 105 7991 0 7990
Edge	209	828	1159	0	0	0	3	-1
	Sequence	-edge_105_0_+disjointig_200_0_7990 7990 -105 7991 0 7990
Edge	216	1157	73	0	0	0	6	-1
	Sequence	+edge_109_0_+disjointig_204_0_51442 51442 109 51443 0 51442
Edge	217	878	404	0	0	0	6	-1
	Sequence	-edge_109_0_+disjointig_204_0_51442 51442 -109 51443 0 51442
Edge	220	1154	1153	0	0	0	3	-1
	Sequence	+edge_111_0_+disjointig_207_0_9428 9428 111 9429 0 9428
Edge	221	265	917	0	0	0	3	-1
	Sequence	-edge_111_0_+disjointig_207_0_9428 9428 -111 9429 0 9428
Edge	222	812	67	1	0	0	9	-1
	Sequence	+edge_112_0_+disjointig_208_0_49081 49081 112 49082 0 49081
Edge	223	385	1263	1	0	0	9	-1
	Sequence	-edge_112_0_+disjointig_208_0_49081 49081 -112 49082 0 49081
Edge	226	1148	409	0	0	0	6	-1
	Sequence	+edge_114_0_+disjointig_21_0_51516 51516 114 51517 0 51516
Edge	227	101	300	0	0	0	6	-1
	Sequence	-edge_114_0_+disjointig_21_0_51516 51516 -114 51517 0 51516
Edge	230	705	1142	0	0	0	4	-1
	Sequence	+edge_116_0_+disjointig_211_0_75152 75152 116 75153 0 75152
Edge	231	327	1141	0	0	0	4	-1
	Sequence	-edge_116_0_+disjointig_211_0_75152 75152 -116 75153 0 75152
Edge	232	1233	1209	0	0	0	4	-1
	Sequence	+edge_117_0_+disjointig_212_0_22582 22582 117 22583 0 22582
Edge	233	350	724	0	0	0	4	-1
	Sequence	-edge_117_0_+disjointig_212_0_22582 22582 -117 22583 0 22582
Edge	234	190	903	0	0	0	5	-1
	Sequence	+edge_118_0_+disjointig_213_0_14169 14169 118 14170 0 14169
Edge	235	783	1136	0	0	0	5	-1
	Sequence	-edge_118_0_+disjointig_213_0_14169 14169 -118 14170 0 14169
Edge	242	1410	1354	0	0	0	4	-1
	Sequence	+edge_122_0_+disjointig_217_0_28557 28557 122 28558 0 28557
Edge	243	1135	1057	0	0	0	4	-1
	Sequence	-edge_122_0_+disjointig_217_0_28557 28557 -122 28558 0 28557
Edge	244	593	1133	0	0	0	6	-1
	Sequence	+edge_123_0_+disjointig_218_0_40675 40675 123 40676 0 40675
Edge	245	1132	1139	0	0	0	6	-1
	Sequence	-edge_123_0_+disjointig_218_0_40675 40675 -123 40676 0 40675
Edge	246	761	1007	1	0	0	11	-1
	Sequence	+edge_124_0_+disjointig_219_0_20795 20795 124 20796 0 20795
Edge	247	94	1046	1	0	0	11	-1
	Sequence	-edge_124_0_+disjointig_219_0_20795 20795 -124 20796 0 20795
Edge	248	741	1267	0	0	0	6	-1
	Sequence	+edge_125_0_+disjointig_22_0_52239 52239 125 52240 0 52239
Edge	249	1120	1128	0	0	0	6	-1
	Sequence	-edge_125_0_+disjointig_22_0_52239 52239 -125 52240 0 52239
Edge	250	1127	1134	0	0	0	5	-1
	Sequence	+edge_126_0_+disjointig_220_0_42861 42861 126 42862 0 42861
Edge	251	1100	1121	0	0	0	5	-1
	Sequence	-edge_126_0_+disjointig_220_0_42861 42861 -126 42862 0 42861
Edge	254	1117	948	0	0	0	3	-1
	Sequence	+edge_128_0_+disjointig_222_0_12899 12899 128 12900 0 12899
Edge	255	1116	569	0	0	0	3	-1
	Sequence	-edge_128_0_+disjointig_222_0_12899 12899 -128 12900 0 12899
Edge	256	1400	1222	0	0	0	3	-1
	Sequence	+edge_129_0_+disjointig_223_0_13049 13049 129 13050 0 13049
Edge	257	1347	1246	0	0	0	3	-1
	Sequence	-edge_129_0_+disjointig_223_0_13049 13049 -129 13050 0 13049
Edge	262	1079	1090	0	0	0	4	-1
	Sequence	+edge_132_0_+disjointig_227_0_34683 34683 132 34684 0 34683
Edge	263	61	1094	0	0	0	4	-1
	Sequence	-edge_132_0_+disjointig_227_0_34683 34683 -132 34684 0 34683
Edge	266	858	1089	0	0	0	6	-1
	Sequence	+edge_134_0_+disjointig_229_0_56042 56042 134 56043 0 56042
Edge	267	966	1018	0	0	0	6	-1
	Sequence	-edge_134_0_+disjointig_229_0_56042 56042 -134 56043 0 56042
Edge	268	814	1086	0	0	0	4	-1
	Sequence	+edge_135_0_+disjointig_23_0_50976 50976 135 50977 0 50976
Edge	269	804	1078	0	0	0	4	-1
	Sequence	-edge_135_0_+disjointig_23_0_50976 50976 -135 50977 0 50976
Edge	270	579	1077	0	0	0	3	-1
	Sequence	+edge_136_0_+disjointig_230_0_12734 12734 136 12735 0 12734
Edge	271	979	1074	0	0	0	3	-1
	Sequence	-edge_136_0_+disjointig_230_0_12734 12734 -136 12735 0 12734
Edge	274	647	922	0	0	0	6	-1
	Sequence	+edge_138_0_+disjointig_232_0_15291 15291 138 15292 0 15291
Edge	275	1408	1104	0	0	0	6	-1
	Sequence	-edge_138_0_+disjointig_232_0_15291 15291 -138 15292 0 15291
Edge	278	1177	1145	0	0	0	4	-1
	Sequence	+edge_140_0_+disjointig_234_0_32406 32406 140 32407 0 32406
Edge	279	539	84	0	0	0	4	-1
	Sequence	-edge_140_0_+disjointig_234_0_32406 32406 -140 32407 0 32406
Edge	280	1061	978	0	0	0	3	-1
	Sequence	+edge_141_0_+disjointig_235_0_21463 21463 141 21464 0 21463
Edge	281	1060	510	0	0	0	3	-1
	Sequence	-edge_141_0_+disjointig_235_0_21463 21463 -141 21464 0 21463
Edge	282	749	751	0	0	0	7	-1
	Sequence	+edge_142_0_+disjointig_236_0_64047 64047 142 64048 0 64047
Edge	283	138	598	0	0	0	7	-1
	Sequence	-edge_142_0_+disjointig_236_0_64047 64047 -142 64048 0 64047
Edge	284	897	86	0	0	0	6	-1
	Sequence	+edge_143_0_+disjointig_237_0_60946 60946 143 60947 0 60946
Edge	285	919	536	0	0	0	6	-1
	Sequence	-edge_143_0_+disjointig_237_0_60946 60946 -143 60947 0 60946
Edge	288	976	1087	0	0	0	3	-1
	Sequence	+edge_145_0_+disjointig_239_0_10523 10523 145 10524 0 10523
Edge	289	1051	1093	0	0	0	3	-1
	Sequence	-edge_145_0_+disjointig_239_0_10523 10523 -145 10524 0 10523
Edge	290	1215	1050	0	0	0	7	-1
	Sequence	+edge_146_0_+disjointig_24_0_101006 101006 146 101007 0 101006
Edge	291	1049	524	0	0	0	7	-1
	Sequence	-edge_146_0_+disjointig_24_0_101006 101006 -146 101007 0 101006
Edge	294	1044	775	0	0	0	7	-1
	Sequence	+edge_148_0_+disjointig_241_0_56161 56161 148 56162 0 56161
Edge	295	1285	1165	0	0	0	7	-1
	Sequence	-edge_148_0_+disjointig_241_0_56161 56161 -148 56162 0 56161
Edge	298	744	1038	0	0	0	7	-1
	Sequence	+edge_150_0_+disjointig_243_0_77404 77404 150 77405 0 77404
Edge	299	1036	1242	0	0	0	7	-1
	Sequence	-edge_150_0_+disjointig_243_0_77404 77404 -150 77405 0 77404
Edge	300	1178	1033	0	0	0	6	-1
	Sequence	+edge_151_0_+disjointig_244_0_24363 24363 151 24364 0 24363
Edge	301	1031	157	0	0	0	6	-1
	Sequence	-edge_151_0_+disjointig_244_0_24363 24363 -151 24364 0 24363
Edge	302	1108	1340	0	0	0	5	-1
	Sequence	+edge_152_0_+disjointig_246_0_22439 22439 152 22440 0 22439
Edge	303	784	711	0	0	0	5	-1
	Sequence	-edge_152_0_+disjointig_246_0_22439 22439 -152 22440 0 22439
Edge	310	1191	583	0	0	0	5	-1
	Sequence	+edge_156_0_+disjointig_25_0_90494 90494 156 90495 0 90494
Edge	311	1091	699	0	0	0	5	-1
	Sequence	-edge_156_0_+disjointig_25_0_90494 90494 -156 90495 0 90494
Edge	316	1016	1008	0	0	0	5	-1
	Sequence	+edge_159_0_+disjointig_253_0_20632 20632 159 20633 0 20632
Edge	317	181	1284	0	0	0	5	-1
	Sequence	-edge_159_0_+disjointig_253_0_20632 20632 -159 20633 0 20632
Edge	322	378	1000	0	0	0	5	-1
	Sequence	+edge_162_0_+disjointig_256_0_34304 34304 162 34305 0 34304
Edge	323	1105	400	0	0	0	5	-1
	Sequence	-edge_162_0_+disjointig_256_0_34304 34304 -162 34305 0 34304
Edge	326	998	614	0	0	0	4	-1
	Sequence	+edge_164_0_+disjointig_258_0_12789 12789 164 12790 0 12789
Edge	327	844	843	0	0	0	4	-1
	Sequence	-edge_164_0_+disjointig_258_0_12789 12789 -164 12790 0 12789
Edge	330	994	988	0	0	0	5	-1
	Sequence	+edge_166_0_+disjointig_260_0_27162 27162 166 27163 0 27162
Edge	331	1013	985	0	0	0	5	-1
	Sequence	-edge_166_0_+disjointig_260_0_27162 27162 -166 27163 0 27162
Edge	334	785	456	0	0	0	5	-1
	Sequence	+edge_168_0_+disjointig_262_0_50994 50994 168 50995 0 50994
Edge	335	1073	981	0	0	0	5	-1
	Sequence	-edge_168_0_+disjointig_262_0_50994 50994 -168 50995 0 50994
Edge	340	975	612	0	0	0	6	-1
	Sequence	+edge_171_0_+disjointig_265_0_25957 25957 171 25958 0 25957
Edge	341	971	1053	0	0	0	6	-1
	Sequence	-edge_171_0_+disjointig_265_0_25957 25957 -171 25958 0 25957
Edge	344	952	242	0	0	0	3	-1
	Sequence	+edge_173_0_+disjointig_267_0_32427 32427 173 32428 0 32427
Edge	345	791	846	0	0	0	3	-1
	Sequence	-edge_173_0_+disjointig_267_0_32427 32427 -173 32428 0 32427
Edge	346	564	980	0	0	0	7	-1
	Sequence	+edge_174_0_+disjointig_269_0_27898 27898 174 27899 0 27898
Edge	347	963	961	0	0	0	7	-1
	Sequence	-edge_174_0_+disjointig_269_0_27898 27898 -174 27899 0 27898
Edge	350	526	958	0	0	0	5	-1
	Sequence	+edge_176_0_+disjointig_270_0_15973 15973 176 15974 0 15973
Edge	351	735	955	0	0	0	5	-1
	Sequence	-edge_176_0_+disjointig_270_0_15973 15973 -176 15974 0 15973
Edge	352	592	950	0	0	0	4	-1
	Sequence	+edge_177_0_+disjointig_271_0_9917 9917 177 9918 0 9917
Edge	353	247	1056	0	0	0	4	-1
	Sequence	-edge_177_0_+disjointig_271_0_9917 9917 -177 9918 0 9917
Edge	364	1345	1232	0	0	0	3	-1
	Sequence	+edge_183_0_+disjointig_278_0_6769 6769 183 6770 0 6769
Edge	365	553	1298	0	0	0	3	-1
	Sequence	-edge_183_0_+disjointig_278_0_6769 6769 -183 6770 0 6769
Edge	366	941	1014	0	0	0	7	-1
	Sequence	+edge_184_0_+disjointig_279_0_28736 28736 184 28737 0 28736
Edge	367	771	932	0	0	0	7	-1
	Sequence	-edge_184_0_+disjointig_279_0_28736 28736 -184 28737 0 28736
Edge	368	940	967	0	0	0	3	-1
	Sequence	+edge_185_0_+disjointig_28_0_21740 21740 185 21741 0 21740
Edge	369	1212	938	0	0	0	3	-1
	Sequence	-edge_185_0_+disjointig_28_0_21740 21740 -185 21741 0 21740
Edge	374	933	929	0	0	0	4	-1
	Sequence	+edge_188_0_+disjointig_283_0_28926 28926 188 28927 0 28926
Edge	375	248	604	0	0	0	4	-1
	Sequence	-edge_188_0_+disjointig_283_0_28926 28926 -188 28927 0 28926
Edge	376	794	928	0	0	0	4	-1
	Sequence	+edge_189_0_+disjointig_284_0_40907 40907 189 40908 0 40907
Edge	377	927	925	0	0	0	4	-1
	Sequence	-edge_189_0_+disjointig_284_0_40907 40907 -189 40908 0 40907
Edge	378	558	1109	0	0	0	5	-1
	Sequence	+edge_190_0_+disjointig_285_0_32166 32166 190 32167 0 32166
Edge	379	1063	1188	0	0	0	5	-1
	Sequence	-edge_190_0_+disjointig_285_0_32166 32166 -190 32167 0 32166
Edge	380	1170	1371	0	0	0	3	-1
	Sequence	+edge_191_0_+disjointig_286_0_9687 9687 191 9688 0 9687
Edge	381	921	923	0	0	0	3	-1
	Sequence	-edge_191_0_+disjointig_286_0_9687 9687 -191 9688 0 9687
Edge	382	918	653	0	0	0	4	-1
	Sequence	+edge_192_0_+disjointig_287_0_48411 48411 192 48412 0 48411
Edge	383	916	1344	0	0	0	4	-1
	Sequence	-edge_192_0_+disjointig_287_0_48411 48411 -192 48412 0 48411
Edge	384	912	909	0	0	0	7	-1
	Sequence	+edge_193_0_+disjointig_288_0_37455 37455 193 37456 0 37455
Edge	385	243	523	0	0	0	7	-1
	Sequence	-edge_193_0_+disjointig_288_0_37455 37455 -193 37456 0 37455
Edge	392	375	160	0	0	0	6	-1
	Sequence	+edge_197_0_+disjointig_291_0_12846 12846 197 12847 0 12846
Edge	393	904	609	0	0	0	6	-1
	Sequence	-edge_197_0_+disjointig_291_0_12846 12846 -197 12847 0 12846
Edge	394	261	700	1	0	0	9	-1
	Sequence	+edge_198_0_+disjointig_292_0_21816 21816 198 21817 0 21816
Edge	395	902	1107	1	0	0	9	-1
	Sequence	-edge_198_0_+disjointig_292_0_21816 21816 -198 21817 0 21816
Edge	400	688	1328	0	0	0	4	-1
	Sequence	+edge_201_0_+disjointig_295_0_18766 18766 201 18767 0 18766
Edge	401	77	895	0	0	0	4	-1
	Sequence	-edge_201_0_+disjointig_295_0_18766 18766 -201 18767 0 18766
Edge	402	894	274	0	0	0	3	-1
	Sequence	+edge_202_0_+disjointig_296_0_40713 40713 202 40714 0 40713
Edge	403	893	890	0	0	0	3	-1
	Sequence	-edge_202_0_+disjointig_296_0_40713 40713 -202 40714 0 40713
Edge	404	889	517	0	0	0	6	-1
	Sequence	+edge_203_0_+disjointig_297_0_41739 41739 203 41740 0 41739
Edge	405	1320	887	0	0	0	6	-1
	Sequence	-edge_203_0_+disjointig_297_0_41739 41739 -203 41740 0 41739
Edge	412	954	882	0	0	0	5	-1
	Sequence	+edge_207_0_+disjointig_30_0_50558 50558 207 50559 0 50558
Edge	413	467	880	0	0	0	5	-1
	Sequence	-edge_207_0_+disjointig_30_0_50558 50558 -207 50559 0 50558
Edge	416	732	541	0	0	0	6	-1
	Sequence	+edge_209_0_+disjointig_301_0_13313 13313 209 13314 0 13313
Edge	417	930	879	0	0	0	6	-1
	Sequence	-edge_209_0_+disjointig_301_0_13313 13313 -209 13314 0 13313
Edge	422	1015	870	0	0	0	4	-1
	Sequence	+edge_212_0_+disjointig_304_0_13477 13477 212 13478 0 13477
Edge	423	869	868	0	0	0	4	-1
	Sequence	-edge_212_0_+disjointig_304_0_13477 13477 -212 13478 0 13477
Edge	434	857	830	0	0	0	5	-1
	Sequence	+edge_218_0_+disjointig_31_0_11627 11627 218 11628 0 11627
Edge	435	619	406	0	0	0	5	-1
	Sequence	-edge_218_0_+disjointig_31_0_11627 11627 -218 11628 0 11627
Edge	436	855	1103	0	0	0	3	-1
	Sequence	+edge_219_0_+disjointig_310_0_31154 31154 219 31155 0 31154
Edge	437	853	723	0	0	0	3	-1
	Sequence	-edge_219_0_+disjointig_310_0_31154 31154 -219 31155 0 31154
Edge	438	364	850	0	0	0	4	-1
	Sequence	+edge_220_0_+disjointig_311_0_74083 74083 220 74084 0 74083
Edge	439	1387	368	0	0	0	4	-1
	Sequence	-edge_220_0_+disjointig_311_0_74083 74083 -220 74084 0 74083
Edge	444	838	908	0	0	0	4	-1
	Sequence	+edge_223_0_+disjointig_314_0_40046 40046 223 40047 0 40046
Edge	445	836	835	0	0	0	4	-1
	Sequence	-edge_223_0_+disjointig_314_0_40046 40046 -223 40047 0 40046
Edge	448	833	1034	0	0	0	3	-1
	Sequence	+edge_225_0_+disjointig_317_0_46772 46772 225 46773 0 46772
Edge	449	1235	640	0	0	0	3	-1
	Sequence	-edge_225_0_+disjointig_317_0_46772 46772 -225 46773 0 46772
Edge	454	1088	866	1	0	0	9	-1
	Sequence	+edge_228_0_+disjointig_32_0_14953 14953 228 14954 0 14953
Edge	455	832	827	1	0	0	9	-1
	Sequence	-edge_228_0_+disjointig_32_0_14953 14953 -228 14954 0 14953
Edge	456	826	825	0	0	0	6	-1
	Sequence	+edge_229_0_+disjointig_320_0_36808 36808 229 36809 0 36808
Edge	457	822	820	0	0	0	6	-1
	Sequence	-edge_229_0_+disjointig_320_0_36808 36808 -229 36809 0 36808
Edge	460	1360	629	0	0	0	4	-1
	Sequence	+edge_231_0_+disjointig_322_0_21182 21182 231 21183 0 21182
Edge	461	816	324	0	0	0	4	-1
	Sequence	-edge_231_0_+disjointig_322_0_21182 21182 -231 21183 0 21182
Edge	462	795	1005	0	0	0	6	-1
	Sequence	+edge_232_0_+disjointig_323_0_15881 15881 232 15882 0 15881
Edge	463	815	1358	0	0	0	6	-1
	Sequence	-edge_232_0_+disjointig_323_0_15881 15881 -232 15882 0 15881
Edge	464	813	876	0	0	0	4	-1
	Sequence	+edge_233_0_+disjointig_324_0_21380 21380 233 21381 0 21380
Edge	465	1180	810	0	0	0	4	-1
	Sequence	-edge_233_0_+disjointig_324_0_21380 21380 -233 21381 0 21380
Edge	470	806	803	0	0	0	3	-1
	Sequence	+edge_236_0_+disjointig_327_0_28226 28226 236 28227 0 28226
Edge	471	443	802	0	0	0	3	-1
	Sequence	-edge_236_0_+disjointig_327_0_28226 28226 -236 28227 0 28226
Edge	472	1409	1171	0	0	0	5	-1
	Sequence	+edge_237_0_+disjointig_328_0_7807 7807 237 7808 0 7807
Edge	473	943	939	0	0	0	5	-1
	Sequence	-edge_237_0_+disjointig_328_0_7807 7807 -237 7808 0 7807
Edge	480	1211	563	0	0	0	3	-1
	Sequence	+edge_241_0_+disjointig_331_0_8185 8185 241 8186 0 8185
Edge	481	187	1269	0	0	0	3	-1
	Sequence	-edge_241_0_+disjointig_331_0_8185 8185 -241 8186 0 8185
Edge	482	661	1364	0	0	0	5	-1
	Sequence	+edge_242_0_+disjointig_332_0_12110 12110 242 12111 0 12110
Edge	483	798	496	0	0	0	5	-1
	Sequence	-edge_242_0_+disjointig_332_0_12110 12110 -242 12111 0 12110
Edge	484	796	792	0	0	0	4	-1
	Sequence	+edge_243_0_+disjointig_333_0_23958 23958 243 23959 0 23958
Edge	485	1204	754	0	0	0	4	-1
	Sequence	-edge_243_0_+disjointig_333_0_23958 23958 -243 23959 0 23958
Edge	486	790	964	0	0	0	4	-1
	Sequence	+edge_244_0_+disjointig_334_0_20885 20885 244 20886 0 20885
Edge	487	787	568	0	0	0	4	-1
	Sequence	-edge_244_0_+disjointig_334_0_20885 20885 -244 20886 0 20885
Edge	492	782	341	0	0	0	3	-1
	Sequence	+edge_247_0_+disjointig_337_0_23458 23458 247 23459 0 23458
Edge	493	780	779	0	0	0	3	-1
	Sequence	-edge_247_0_+disjointig_337_0_23458 23458 -247 23459 0 23458
Edge	498	1356	180	0	0	0	6	-1
	Sequence	+edge_250_0_+disjointig_34_0_286424 286424 250 286425 0 286424
Edge	499	72	669	0	0	0	6	-1
	Sequence	-edge_250_0_+disjointig_34_0_286424 286424 -250 286425 0 286424
Edge	500	865	189	0	0	0	3	-1
	Sequence	+edge_251_0_+disjointig_340_0_18116 18116 251 18117 0 18116
Edge	501	1415	209	0	0	0	3	-1
	Sequence	-edge_251_0_+disjointig_340_0_18116 18116 -251 18117 0 18116
Edge	506	768	765	0	0	0	3	-1
	Sequence	+edge_254_0_+disjointig_345_0_21300 21300 254 21301 0 21300
Edge	507	762	60	0	0	0	3	-1
	Sequence	-edge_254_0_+disjointig_345_0_21300 21300 -254 21301 0 21300
Edge	510	757	1348	0	0	0	5	-1
	Sequence	+edge_256_0_+disjointig_347_0_18169 18169 256 18170 0 18169
Edge	511	755	704	0	0	0	5	-1
	Sequence	-edge_256_0_+disjointig_347_0_18169 18169 -256 18170 0 18169
Edge	522	737	742	0	0	0	6	-1
	Sequence	+edge_262_0_+disjointig_352_0_43227 43227 262 43228 0 43227
Edge	523	1203	544	0	0	0	6	-1
	Sequence	-edge_262_0_+disjointig_352_0_43227 43227 -262 43228 0 43227
Edge	526	599	740	0	0	0	4	-1
	Sequence	+edge_264_0_+disjointig_354_0_28928 28928 264 28929 0 28928
Edge	527	1052	924	0	0	0	4	-1
	Sequence	-edge_264_0_+disjointig_354_0_28928 28928 -264 28929 0 28928
Edge	534	733	1010	0	0	0	3	-1
	Sequence	+edge_268_0_+disjointig_358_0_21118 21118 268 21119 0 21118
Edge	535	1027	468	0	0	0	3	-1
	Sequence	-edge_268_0_+disjointig_358_0_21118 21118 -268 21119 0 21118
Edge	536	1003	774	0	0	0	6	-1
	Sequence	+edge_269_0_+disjointig_359_0_38429 38429 269 38430 0 38429
Edge	537	851	819	0	0	0	6	-1
	Sequence	-edge_269_0_+disjointig_359_0_38429 38429 -269 38430 0 38429
Edge	538	1065	85	0	0	0	5	-1
	Sequence	+edge_270_0_+disjointig_36_0_66838 66838 270 66839 0 66838
Edge	539	726	677	0	0	0	5	-1
	Sequence	-edge_270_0_+disjointig_36_0_66838 66838 -270 66839 0 66838
Edge	540	730	87	0	0	0	3	-1
	Sequence	+edge_271_0_+disjointig_360_0_12138 12138 271 12139 0 12138
Edge	541	216	729	0	0	0	3	-1
	Sequence	-edge_271_0_+disjointig_360_0_12138 12138 -271 12139 0 12138
Edge	542	713	728	0	0	0	3	-1
	Sequence	+edge_272_0_+disjointig_361_0_9868 9868 272 9869 0 9868
Edge	543	725	993	0	0	0	3	-1
	Sequence	-edge_272_0_+disjointig_361_0_9868 9868 -272 9869 0 9868
Edge	548	1277	719	0	0	0	3	-1
	Sequence	+edge_275_0_+disjointig_365_0_16188 16188 275 16189 0 16188
Edge	549	1417	253	0	0	0	3	-1
	Sequence	-edge_275_0_+disjointig_365_0_16188 16188 -275 16189 0 16188
Edge	550	718	1352	0	0	0	5	-1
	Sequence	+edge_276_0_+disjointig_366_0_22745 22745 276 22746 0 22745
Edge	551	1255	1213	0	0	0	5	-1
	Sequence	-edge_276_0_+disjointig_366_0_22745 22745 -276 22746 0 22745
Edge	552	885	666	0	0	0	7	-1
	Sequence	+edge_277_0_+disjointig_367_0_38257 38257 277 38258 0 38257
Edge	553	717	1311	0	0	0	7	-1
	Sequence	-edge_277_0_+disjointig_367_0_38257 38257 -277 38258 0 38257
Edge	556	107	580	0	0	0	5	-1
	Sequence	+edge_279_0_+disjointig_37_0_70752 70752 279 70753 0 70752
Edge	557	482	603	0	0	0	5	-1
	Sequence	-edge_279_0_+disjointig_37_0_70752 70752 -279 70753 0 70752
Edge	558	712	710	0	0	0	6	-1
	Sequence	+edge_280_0_+disjointig_370_0_10959 10959 280 10960 0 10959
Edge	559	1240	831	0	0	0	6	-1
	Sequence	-edge_280_0_+disjointig_370_0_10959 10959 -280 10960 0 10959
Edge	560	841	1309	0	0	0	4	-1
	Sequence	+edge_281_0_+disjointig_371_0_15260 15260 281 15261 0 15260
Edge	561	708	883	0	0	0	4	-1
	Sequence	-edge_281_0_+disjointig_371_0_15260 15260 -281 15261 0 15260
Edge	564	716	946	0	0	0	5	-1
	Sequence	+edge_283_0_+disjointig_374_0_9415 9415 283 9416 0 9415
Edge	565	702	859	0	0	0	5	-1
	Sequence	-edge_283_0_+disjointig_374_0_9415 9415 -283 9416 0 9415
Edge	568	698	767	0	0	0	5	-1
	Sequence	+edge_285_0_+disjointig_376_0_24584 24584 285 24585 0 24584
Edge	569	543	696	0	0	0	5	-1
	Sequence	-edge_285_0_+disjointig_376_0_24584 24584 -285 24585 0 24584
Edge	570	692	1392	0	0	0	4	-1
	Sequence	+edge_286_0_+disjointig_377_0_18198 18198 286 18199 0 18198
Edge	571	175	532	0	0	0	4	-1
	Sequence	-edge_286_0_+disjointig_377_0_18198 18198 -286 18199 0 18198
Edge	572	1398	689	0	0	0	5	-1
	Sequence	+edge_287_0_+disjointig_378_0_30886 30886 287 30887 0 30886
Edge	573	722	937	0	0	0	5	-1
	Sequence	-edge_287_0_+disjointig_378_0_30886 30886 -287 30887 0 30886
Edge	574	1039	687	0	0	0	6	-1
	Sequence	+edge_288_0_+disjointig_379_0_32804 32804 288 32805 0 32804
Edge	575	1197	664	0	0	0	6	-1
	Sequence	-edge_288_0_+disjointig_379_0_32804 32804 -288 32805 0 32804
Edge	576	1096	911	0	0	0	4	-1
	Sequence	+edge_289_0_+disjointig_38_0_15003 15003 289 15004 0 15003
Edge	577	686	701	0	0	0	4	-1
	Sequence	-edge_289_0_+disjointig_38_0_15003 15003 -289 15004 0 15003
Edge	580	546	684	0	0	0	4	-1
	Sequence	+edge_291_0_+disjointig_381_0_12252 12252 291 12253 0 12252
Edge	581	660	849	0	0	0	4	-1
	Sequence	-edge_291_0_+disjointig_381_0_12252 12252 -291 12253 0 12252
Edge	588	1076	748	0	0	0	4	-1
	Sequence	+edge_295_0_+disjointig_385_0_22478 22478 295 22479 0 22478
Edge	589	63	297	0	0	0	4	-1
	Sequence	-edge_295_0_+disjointig_385_0_22478 22478 -295 22479 0 22478
Edge	594	109	809	0	0	0	5	-1
	Sequence	+edge_298_0_+disjointig_388_0_29990 29990 298 29991 0 29990
Edge	595	1326	79	0	0	0	5	-1
	Sequence	-edge_298_0_+disjointig_388_0_29990 29990 -298 29991 0 29990
Edge	596	805	990	0	0	0	3	-1
	Sequence	+edge_299_0_+disjointig_389_0_10966 10966 299 10967 0 10966
Edge	597	1151	901	0	0	0	3	-1
	Sequence	-edge_299_0_+disjointig_389_0_10966 10966 -299 10967 0 10966
Edge	598	973	678	0	0	0	6	-1
	Sequence	+edge_300_0_+disjointig_39_0_87399 87399 300 87400 0 87399
Edge	599	1155	676	0	0	0	6	-1
	Sequence	-edge_300_0_+disjointig_39_0_87399 87399 -300 87400 0 87399
Edge	602	675	674	0	0	0	5	-1
	Sequence	+edge_302_0_+disjointig_391_0_16042 16042 302 16043 0 16042
Edge	603	299	691	0	0	0	5	-1
	Sequence	-edge_302_0_+disjointig_391_0_16042 16042 -302 16043 0 16042
Edge	604	258	1189	0	0	0	4	-1
	Sequence	+edge_303_0_+disjointig_392_0_44299 44299 303 44300 0 44299
Edge	605	667	665	0	0	0	4	-1
	Sequence	-edge_303_0_+disjointig_392_0_44299 44299 -303 44300 0 44299
Edge	606	1389	662	0	0	0	3	-1
	Sequence	+edge_304_0_+disjointig_393_0_19191 19191 304 19192 0 19191
Edge	607	884	286	0	0	0	3	-1
	Sequence	-edge_304_0_+disjointig_393_0_19191 19191 -304 19192 0 19191
Edge	612	657	309	0	0	0	4	-1
	Sequence	+edge_307_0_+disjointig_396_0_18576 18576 307 18577 0 18576
Edge	613	655	202	0	0	0	4	-1
	Sequence	-edge_307_0_+disjointig_396_0_18576 18576 -307 18577 0 18576
Edge	614	817	977	0	0	0	3	-1
	Sequence	+edge_308_0_+disjointig_397_0_23274 23274 308 23275 0 23274
Edge	615	1249	652	0	0	0	3	-1
	Sequence	-edge_308_0_+disjointig_397_0_23274 23274 -308 23275 0 23274
Edge	624	685	370	0	0	0	3	-1
	Sequence	+edge_313_0_+disjointig_400_0_16784 16784 313 16785 0 16784
Edge	625	208	891	0	0	0	3	-1
	Sequence	-edge_313_0_+disjointig_400_0_16784 16784 -313 16785 0 16784
Edge	626	649	936	0	0	0	7	-1
	Sequence	+edge_314_0_+disjointig_401_0_26936 26936 314 26937 0 26936
Edge	627	1229	738	0	0	0	7	-1
	Sequence	-edge_314_0_+disjointig_401_0_26936 26936 -314 26937 0 26936
Edge	634	875	643	0	0	0	3	-1
	Sequence	+edge_318_0_+disjointig_405_0_23623 23623 318 23624 0 23623
Edge	635	642	1275	0	0	0	3	-1
	Sequence	-edge_318_0_+disjointig_405_0_23623 23623 -318 23624 0 23623
Edge	644	246	997	0	0	0	3	-1
	Sequence	+edge_323_0_+disjointig_41_0_5877 5877 323 5878 0 5877
Edge	645	638	636	0	0	0	3	-1
	Sequence	-edge_323_0_+disjointig_41_0_5877 5877 -323 5878 0 5877
Edge	648	635	630	0	0	0	3	-1
	Sequence	+edge_325_0_+disjointig_410_4273_29434 25161 324 29435 4273 29434
Edge	649	626	632	0	0	0	3	-1
	Sequence	-edge_325_0_+disjointig_410_4273_29434 25161 -324 29435 0 25161
Edge	650	0	824	0	0	0	7	-1
	Sequence	+edge_326_0_+disjointig_45_57259_64462 7203 364 64463 57259 64462
Edge	651	78	854	0	0	0	7	-1
	Sequence	-edge_326_0_+disjointig_45_57259_64462 7203 -364 64463 0 7203
Edge	656	164	117	0	0	0	4	-1
	Sequence	+edge_329_0_+disjointig_412_0_6823 6823 326 6824 0 6823
Edge	657	311	542	0	0	0	4	-1
	Sequence	-edge_329_0_+disjointig_412_0_6823 6823 -326 6824 0 6823
Edge	660	620	671	0	0	0	4	-1
	Sequence	+edge_331_0_+disjointig_414_0_18831 18831 328 18832 0 18831
Edge	661	617	615	0	0	0	4	-1
	Sequence	-edge_331_0_+disjointig_414_0_18831 18831 -328 18832 0 18831
Edge	662	752	1318	0	0	0	4	-1
	Sequence	+edge_332_0_+disjointig_415_0_14422 14422 329 14423 0 14422
Edge	663	382	1152	0	0	0	4	-1
	Sequence	-edge_332_0_+disjointig_415_0_14422 14422 -329 14423 0 14422
Edge	664	1264	560	0	0	0	5	-1
	Sequence	+edge_333_0_+disjointig_416_0_18757 18757 330 18758 0 18757
Edge	665	651	672	0	0	0	5	-1
	Sequence	-edge_333_0_+disjointig_416_0_18757 18757 -330 18758 0 18757
Edge	666	141	611	0	0	0	4	-1
	Sequence	+edge_334_0_+disjointig_417_0_14583 14583 331 14584 0 14583
Edge	667	508	697	0	0	0	4	-1
	Sequence	-edge_334_0_+disjointig_417_0_14583 14583 -331 14584 0 14583
Edge	668	240	610	0	0	0	3	-1
	Sequence	+edge_335_0_+disjointig_418_0_41434 41434 332 41435 0 41434
Edge	669	608	607	0	0	0	3	-1
	Sequence	-edge_335_0_+disjointig_418_0_41434 41434 -332 41435 0 41434
Edge	672	709	575	0	0	0	5	-1
	Sequence	+edge_337_0_+disjointig_42_0_83242 83242 334 83243 0 83242
Edge	673	750	763	0	0	0	5	-1
	Sequence	-edge_337_0_+disjointig_42_0_83242 83242 -334 83243 0 83242
Edge	674	1181	475	0	0	0	3	-1
	Sequence	+edge_338_0_+disjointig_420_0_9960 9960 335 9961 0 9960
Edge	675	606	605	0	0	0	3	-1
	Sequence	-edge_338_0_+disjointig_420_0_9960 9960 -335 9961 0 9960
Edge	680	601	668	0	0	0	3	-1
	Sequence	+edge_341_0_+disjointig_423_0_23804 23804 338 23805 0 23804
Edge	681	308	600	0	0	0	3	-1
	Sequence	-edge_341_0_+disjointig_423_0_23804 23804 -338 23805 0 23804
Edge	684	1314	777	0	0	0	5	-1
	Sequence	+edge_343_0_+disjointig_425_0_17015 17015 340 17016 0 17015
Edge	685	758	595	0	0	0	5	-1
	Sequence	-edge_343_0_+disjointig_425_0_17015 17015 -340 17016 0 17015
Edge	690	1029	591	0	0	0	5	-1
	Sequence	+edge_346_0_+disjointig_428_0_20002 20002 343 20003 0 20002
Edge	691	646	251	0	0	0	5	-1
	Sequence	-edge_346_0_+disjointig_428_0_20002 20002 -343 20003 0 20002
Edge	692	1253	167	0	0	0	5	-1
	Sequence	+edge_347_0_+disjointig_429_0_14377 14377 344 14378 0 14377
Edge	693	1324	693	0	0	0	5	-1
	Sequence	-edge_347_0_+disjointig_429_0_14377 14377 -344 14378 0 14377
Edge	694	525	1045	0	0	0	5	-1
	Sequence	+edge_348_0_+disjointig_43_0_46712 46712 345 46713 0 46712
Edge	695	590	452	0	0	0	5	-1
	Sequence	-edge_348_0_+disjointig_43_0_46712 46712 -345 46713 0 46712
Edge	696	839	776	0	0	0	3	-1
	Sequence	+edge_349_0_+disjointig_431_0_15474 15474 346 15475 0 15474
Edge	697	706	589	0	0	0	3	-1
	Sequence	-edge_349_0_+disjointig_431_0_15474 15474 -346 15475 0 15474
Edge	698	492	587	0	0	0	5	-1
	Sequence	+edge_350_0_+disjointig_432_0_20436 20436 347 20437 0 20436
Edge	699	871	1252	0	0	0	5	-1
	Sequence	-edge_350_0_+disjointig_432_0_20436 20436 -347 20437 0 20436
Edge	702	772	585	1	0	0	8	-1
	Sequence	+edge_352_0_+disjointig_434_0_21361 21361 349 21362 0 21361
Edge	703	584	634	1	0	0	8	-1
	Sequence	-edge_352_0_+disjointig_434_0_21361 21361 -349 21362 0 21361
Edge	708	576	555	0	0	0	6	-1
	Sequence	+edge_355_0_+disjointig_438_0_58491 58491 352 58492 0 58491
Edge	709	1199	408	0	0	0	6	-1
	Sequence	-edge_355_0_+disjointig_438_0_58491 58491 -352 58492 0 58491
Edge	712	1055	390	0	0	0	7	-1
	Sequence	+edge_357_0_+disjointig_44_0_26226 26226 354 26227 0 26226
Edge	713	739	989	0	0	0	7	-1
	Sequence	-edge_357_0_+disjointig_44_0_26226 26226 -354 26227 0 26226
Edge	716	293	572	0	0	0	4	-1
	Sequence	+edge_359_0_+disjointig_441_0_19693 19693 356 19694 0 19693
Edge	717	571	570	0	0	0	4	-1
	Sequence	-edge_359_0_+disjointig_441_0_19693 19693 -356 19694 0 19693
Edge	728	334	557	0	0	0	6	-1
	Sequence	+edge_365_0_+disjointig_448_0_29033 29033 362 29034 0 29033
Edge	729	273	613	0	0	0	6	-1
	Sequence	-edge_365_0_+disjointig_448_0_29033 29033 -362 29034 0 29033
Edge	732	551	715	0	0	0	4	-1
	Sequence	+edge_367_0_+disjointig_450_0_10690 10690 365 10691 0 10690
Edge	733	550	1123	0	0	0	4	-1
	Sequence	-edge_367_0_+disjointig_450_0_10690 10690 -365 10691 0 10690
Edge	734	549	509	0	0	0	4	-1
	Sequence	+edge_368_0_+disjointig_451_0_18847 18847 366 18848 0 18847
Edge	735	683	811	0	0	0	4	-1
	Sequence	-edge_368_0_+disjointig_451_0_18847 18847 -366 18848 0 18847
Edge	738	545	582	0	0	0	4	-1
	Sequence	+edge_370_0_+disjointig_454_0_21130 21130 368 21131 0 21130
Edge	739	680	140	0	0	0	4	-1
	Sequence	-edge_370_0_+disjointig_454_0_21130 21130 -368 21131 0 21130
Edge	752	821	974	0	0	0	3	-1
	Sequence	+edge_377_0_+disjointig_462_0_14223 14223 375 14224 0 14223
Edge	753	1017	1244	0	0	0	3	-1
	Sequence	-edge_377_0_+disjointig_462_0_14223 14223 -375 14224 0 14223
Edge	754	1331	540	0	0	0	4	-1
	Sequence	+edge_378_0_+disjointig_463_0_17762 17762 376 17763 0 17762
Edge	755	679	769	0	0	0	4	-1
	Sequence	-edge_378_0_+disjointig_463_0_17762 17762 -376 17763 0 17762
Edge	756	1092	129	0	0	0	6	-1
	Sequence	+edge_379_0_+disjointig_465_0_10405 10405 377 10406 0 10405
Edge	757	538	934	0	0	0	6	-1
	Sequence	-edge_379_0_+disjointig_465_0_10405 10405 -377 10406 0 10405
Edge	758	1115	554	0	0	0	3	-1
	Sequence	+edge_380_0_+disjointig_466_0_9388 9388 378 9389 0 9388
Edge	759	537	535	0	0	0	3	-1
	Sequence	-edge_380_0_+disjointig_466_0_9388 9388 -378 9389 0 9388
Edge	762	531	641	0	0	0	6	-1
	Sequence	+edge_382_0_+disjointig_469_0_41215 41215 380 41216 0 41215
Edge	763	529	381	0	0	0	6	-1
	Sequence	-edge_382_0_+disjointig_469_0_41215 41215 -380 41216 0 41215
Edge	764	899	1406	0	0	0	4	-1
	Sequence	+edge_383_0_+disjointig_47_0_14450 14450 381 14451 0 14450
Edge	765	528	527	0	0	0	4	-1
	Sequence	-edge_383_0_+disjointig_47_0_14450 14450 -381 14451 0 14450
Edge	768	578	910	0	0	0	4	-1
	Sequence	+edge_385_0_+disjointig_471_0_13201 13201 383 13202 0 13201
Edge	769	818	440	0	0	0	4	-1
	Sequence	-edge_385_0_+disjointig_471_0_13201 13201 -383 13202 0 13201
Edge	774	521	1330	0	0	0	5	-1
	Sequence	+edge_388_0_+disjointig_474_0_15504 15504 386 15505 0 15504
Edge	775	520	392	0	0	0	5	-1
	Sequence	-edge_388_0_+disjointig_474_0_15504 15504 -386 15505 0 15504
Edge	778	1383	518	0	0	0	6	-1
	Sequence	+edge_390_0_+disjointig_476_0_20387 20387 388 20388 0 20387
Edge	779	516	1343	0	0	0	6	-1
	Sequence	-edge_390_0_+disjointig_476_0_20387 20387 -388 20388 0 20387
Edge	782	962	513	0	0	0	3	-1
	Sequence	+edge_392_0_+disjointig_478_0_21082 21082 390 21083 0 21082
Edge	783	1411	512	0	0	0	3	-1
	Sequence	-edge_392_0_+disjointig_478_0_21082 21082 -390 21083 0 21082
Edge	790	1334	1166	0	0	0	3	-1
	Sequence	+edge_396_0_+disjointig_482_0_9284 9284 394 9285 0 9284
Edge	791	116	511	0	0	0	3	-1
	Sequence	-edge_396_0_+disjointig_482_0_9284 9284 -394 9285 0 9284
Edge	796	1350	623	0	0	0	4	-1
	Sequence	+edge_399_0_+disjointig_485_0_9709 9709 397 9710 0 9709
Edge	797	332	1224	0	0	0	4	-1
	Sequence	-edge_399_0_+disjointig_485_0_9709 9709 -397 9710 0 9709
Edge	798	574	505	0	0	0	3	-1
	Sequence	+edge_400_0_+disjointig_486_0_19539 19539 398 19540 0 19539
Edge	799	503	931	0	0	0	3	-1
	Sequence	-edge_400_0_+disjointig_486_0_19539 19539 -398 19540 0 19539
Edge	800	97	275	0	0	0	5	-1
	Sequence	+edge_401_0_+disjointig_487_0_27764 27764 399 27765 0 27764
Edge	801	577	644	0	0	0	5	-1
	Sequence	-edge_401_0_+disjointig_487_0_27764 27764 -399 27765 0 27764
Edge	804	1138	861	0	0	0	7	-1
	Sequence	+edge_403_0_+disjointig_49_0_75672 75672 401 75673 0 75672
Edge	805	501	500	0	0	0	7	-1
	Sequence	-edge_403_0_+disjointig_49_0_75672 75672 -401 75673 0 75672
Edge	806	499	1012	0	0	0	3	-1
	Sequence	+edge_404_0_+disjointig_490_0_6551 6551 402 6552 0 6551
Edge	807	494	493	0	0	0	3	-1
	Sequence	-edge_404_0_+disjointig_490_0_6551 6551 -402 6552 0 6551
Edge	814	490	487	0	0	0	3	-1
	Sequence	+edge_408_0_+disjointig_494_0_14209 14209 406 14210 0 14209
Edge	815	486	484	0	0	0	3	-1
	Sequence	-edge_408_0_+disjointig_494_0_14209 14209 -406 14210 0 14209
Edge	816	483	218	0	0	0	3	-1
	Sequence	+edge_409_0_+disjointig_495_0_14455 14455 407 14456 0 14455
Edge	817	481	480	0	0	0	3	-1
	Sequence	-edge_409_0_+disjointig_495_0_14455 14455 -407 14456 0 14455
Edge	820	650	479	0	0	0	7	-1
	Sequence	+edge_411_0_+disjointig_497_0_10992 10992 409 10993 0 10992
Edge	821	842	477	0	0	0	7	-1
	Sequence	-edge_411_0_+disjointig_497_0_10992 10992 -409 10993 0 10992
Edge	826	473	472	0	0	0	4	-1
	Sequence	+edge_414_0_+disjointig_5_0_38652 38652 412 38653 0 38652
Edge	827	471	522	0	0	0	4	-1
	Sequence	-edge_414_0_+disjointig_5_0_38652 38652 -412 38653 0 38652
Edge	828	146	135	0	0	0	5	-1
	Sequence	+edge_415_0_+disjointig_50_0_18948 18948 413 18949 0 18948
Edge	829	888	470	0	0	0	5	-1
	Sequence	-edge_415_0_+disjointig_50_0_18948 18948 -413 18949 0 18948
Edge	846	463	515	0	0	0	3	-1
	Sequence	+edge_424_0_+disjointig_508_0_14419 14419 422 14420 0 14419
Edge	847	462	461	0	0	0	3	-1
	Sequence	-edge_424_0_+disjointig_508_0_14419 14419 -422 14420 0 14419
Edge	850	460	459	0	0	0	3	-1
	Sequence	+edge_426_0_+disjointig_510_0_17049 17049 424 17050 0 17049
Edge	851	458	457	0	0	0	3	-1
	Sequence	-edge_426_0_+disjointig_510_0_17049 17049 -424 17050 0 17049
Edge	854	455	454	0	0	0	5	-1
	Sequence	+edge_428_0_+disjointig_512_0_24840 24840 426 24841 0 24840
Edge	855	453	837	0	0	0	5	-1
	Sequence	-edge_428_0_+disjointig_512_0_24840 24840 -426 24841 0 24840
Edge	858	1122	451	0	0	0	3	-1
	Sequence	+edge_430_0_+disjointig_514_0_10559 10559 428 10560 0 10559
Edge	859	450	982	0	0	0	3	-1
	Sequence	-edge_430_0_+disjointig_514_0_10559 10559 -428 10560 0 10559
Edge	862	449	447	0	0	0	5	-1
	Sequence	+edge_432_0_+disjointig_516_0_21049 21049 430 21050 0 21049
Edge	863	446	445	0	0	0	5	-1
	Sequence	-edge_432_0_+disjointig_516_0_21049 21049 -430 21050 0 21049
Edge	866	444	346	1	0	0	11	-1
	Sequence	+edge_434_0_+disjointig_52_0_39650 39650 432 39651 0 39650
Edge	867	442	441	1	0	0	11	-1
	Sequence	-edge_434_0_+disjointig_52_0_39650 39650 -432 39651 0 39650
Edge	872	448	566	0	0	0	3	-1
	Sequence	+edge_437_0_+disjointig_522_0_15800 15800 435 15801 0 15800
Edge	873	439	436	0	0	0	3	-1
	Sequence	-edge_437_0_+disjointig_522_0_15800 15800 -435 15801 0 15800
Edge	874	1276	502	0	0	0	3	-1
	Sequence	+edge_438_0_+disjointig_523_0_5603 5603 436 5604 0 5603
Edge	875	435	881	0	0	0	3	-1
	Sequence	-edge_438_0_+disjointig_523_0_5603 5603 -436 5604 0 5603
Edge	880	951	703	0	0	0	3	-1
	Sequence	+edge_441_0_+disjointig_527_0_18080 18080 439 18081 0 18080
Edge	881	433	1140	0	0	0	3	-1
	Sequence	-edge_441_0_+disjointig_527_0_18080 18080 -439 18081 0 18080
Edge	884	432	431	0	0	0	5	-1
	Sequence	+edge_443_0_+disjointig_529_0_13649 13649 441 13650 0 13649
Edge	885	429	654	0	0	0	5	-1
	Sequence	-edge_443_0_+disjointig_529_0_13649 13649 -441 13650 0 13649
Edge	894	428	896	0	0	0	4	-1
	Sequence	+edge_448_0_+disjointig_534_0_34969 34969 446 34970 0 34969
Edge	895	427	426	0	0	0	4	-1
	Sequence	-edge_448_0_+disjointig_534_0_34969 34969 -446 34970 0 34969
Edge	900	176	424	0	0	0	3	-1
	Sequence	+edge_451_0_+disjointig_537_0_16066 16066 449 16067 0 16066
Edge	901	423	422	0	0	0	3	-1
	Sequence	-edge_451_0_+disjointig_537_0_16066 16066 -449 16067 0 16066
Edge	906	420	419	0	0	0	6	-1
	Sequence	+edge_454_0_+disjointig_54_0_183714 183714 452 183715 0 183714
Edge	907	238	416	0	0	0	6	-1
	Sequence	-edge_454_0_+disjointig_54_0_183714 183714 -452 183715 0 183714
Edge	934	770	413	0	0	0	4	-1
	Sequence	+edge_468_0_+disjointig_556_0_20977 20977 466 20978 0 20977
Edge	935	411	410	0	0	0	4	-1
	Sequence	-edge_468_0_+disjointig_556_0_20977 20977 -466 20978 0 20977
Edge	942	405	947	0	0	0	3	-1
	Sequence	+edge_472_0_+disjointig_56_0_35572 35572 470 35573 0 35572
Edge	943	403	263	0	0	0	3	-1
	Sequence	-edge_472_0_+disjointig_56_0_35572 35572 -470 35573 0 35572
Edge	944	193	278	0	0	0	4	-1
	Sequence	+edge_473_0_+disjointig_560_0_15791 15791 471 15792 0 15791
Edge	945	402	1278	0	0	0	4	-1
	Sequence	-edge_473_0_+disjointig_560_0_15791 15791 -471 15792 0 15791
Edge	950	430	399	0	0	0	5	-1
	Sequence	+edge_476_0_+disjointig_563_0_25574 25574 474 25575 0 25574
Edge	951	398	396	0	0	0	5	-1
	Sequence	-edge_476_0_+disjointig_563_0_25574 25574 -474 25575 0 25574
Edge	954	394	393	0	0	0	3	-1
	Sequence	+edge_478_0_+disjointig_565_0_14179 14179 476 14180 0 14179
Edge	955	391	388	0	0	0	3	-1
	Sequence	-edge_478_0_+disjointig_565_0_14179 14179 -476 14180 0 14179
Edge	956	596	417	0	0	0	5	-1
	Sequence	+edge_479_0_+disjointig_566_0_14740 14740 477 14741 0 14740
Edge	957	387	1397	0	0	0	5	-1
	Sequence	-edge_479_0_+disjointig_566_0_14740 14740 -477 14741 0 14740
Edge	962	407	1261	0	0	0	3	-1
	Sequence	+edge_482_0_+disjointig_569_0_10274 10274 480 10275 0 10274
Edge	963	745	808	0	0	0	3	-1
	Sequence	-edge_482_0_+disjointig_569_0_10274 10274 -480 10275 0 10274
Edge	970	288	384	0	0	0	3	-1
	Sequence	+edge_486_0_+disjointig_572_0_20093 20093 484 20094 0 20093
Edge	971	1098	383	0	0	0	3	-1
	Sequence	-edge_486_0_+disjointig_572_0_20093 20093 -484 20094 0 20093
Edge	986	373	75	0	0	0	6	-1
	Sequence	+edge_494_0_+disjointig_58_0_147591 147591 492 147592 0 147591
Edge	987	690	372	0	0	0	6	-1
	Sequence	-edge_494_0_+disjointig_58_0_147591 147591 -492 147592 0 147591
Edge	988	862	371	0	0	0	3	-1
	Sequence	+edge_495_0_+disjointig_580_0_8899 8899 493 8900 0 8899
Edge	989	414	369	0	0	0	3	-1
	Sequence	-edge_495_0_+disjointig_580_0_8899 8899 -493 8900 0 8899
Edge	990	139	113	0	0	0	4	-1
	Sequence	+edge_496_0_+disjointig_581_0_13142 13142 494 13143 0 13142
Edge	991	367	1401	0	0	0	4	-1
	Sequence	-edge_496_0_+disjointig_581_0_13142 13142 -494 13143 0 13142
Edge	1000	147	362	0	0	0	3	-1
	Sequence	+edge_501_0_+disjointig_586_0_20470 20470 499 20471 0 20470
Edge	1001	361	731	0	0	0	3	-1
	Sequence	-edge_501_0_+disjointig_586_0_20470 20470 -499 20471 0 20470
Edge	1006	358	357	0	0	0	3	-1
	Sequence	+edge_504_0_+disjointig_589_0_31417 31417 502 31418 0 31417
Edge	1007	276	356	0	0	0	3	-1
	Sequence	-edge_504_0_+disjointig_589_0_31417 31417 -502 31418 0 31417
Edge	1008	942	355	0	0	0	5	-1
	Sequence	+edge_505_0_+disjointig_59_0_64291 64291 503 64292 0 64291
Edge	1009	354	874	0	0	0	5	-1
	Sequence	-edge_505_0_+disjointig_59_0_64291 64291 -503 64292 0 64291
Edge	1014	1022	353	0	0	0	4	-1
	Sequence	+edge_508_0_+disjointig_592_0_16089 16089 506 16090 0 16089
Edge	1015	465	1218	0	0	0	4	-1
	Sequence	-edge_508_0_+disjointig_592_0_16089 16089 -506 16090 0 16089
Edge	1016	1081	352	0	0	0	6	-1
	Sequence	+edge_509_0_+disjointig_593_0_9461 9461 507 9462 0 9461
Edge	1017	1110	351	0	0	0	6	-1
	Sequence	-edge_509_0_+disjointig_593_0_9461 9461 -507 9462 0 9461
Edge	1022	349	562	0	0	0	3	-1
	Sequence	+edge_512_0_+disjointig_596_0_8212 8212 510 8213 0 8212
Edge	1023	348	1192	0	0	0	3	-1
	Sequence	-edge_512_0_+disjointig_596_0_8212 8212 -510 8213 0 8212
Edge	1028	1394	807	0	0	0	6	-1
	Sequence	+edge_515_0_+disjointig_6_0_50883 50883 513 50884 0 50883
Edge	1029	1297	347	0	0	0	6	-1
	Sequence	-edge_515_0_+disjointig_6_0_50883 50883 -513 50884 0 50883
Edge	1034	345	144	0	0	0	4	-1
	Sequence	+edge_518_0_+disjointig_601_0_12394 12394 516 12395 0 12394
Edge	1035	886	344	0	0	0	4	-1
	Sequence	-edge_518_0_+disjointig_601_0_12394 12394 -516 12395 0 12394
Edge	1040	343	342	0	0	0	4	-1
	Sequence	+edge_521_0_+disjointig_604_0_38975 38975 519 38976 0 38975
Edge	1041	970	159	0	0	0	4	-1
	Sequence	-edge_521_0_+disjointig_604_0_38975 38975 -519 38976 0 38975
Edge	1042	618	602	0	0	0	3	-1
	Sequence	+edge_522_0_+disjointig_605_0_11268 11268 520 11269 0 11268
Edge	1043	340	339	0	0	0	3	-1
	Sequence	-edge_522_0_+disjointig_605_0_11268 11268 -520 11269 0 11268
Edge	1044	337	1254	0	0	0	4	-1
	Sequence	+edge_523_0_+disjointig_606_0_17431 17431 521 17432 0 17431
Edge	1045	336	335	0	0	0	4	-1
	Sequence	-edge_523_0_+disjointig_606_0_17431 17431 -521 17432 0 17431
Edge	1048	333	379	0	0	0	6	-1
	Sequence	+edge_525_0_+disjointig_608_0_9254 9254 523 9255 0 9254
Edge	1049	331	329	0	0	0	6	-1
	Sequence	-edge_525_0_+disjointig_608_0_9254 9254 -523 9255 0 9254
Edge	1070	533	658	0	0	0	3	-1
	Sequence	+edge_536_0_+disjointig_618_0_11521 11521 534 11522 0 11521
Edge	1071	926	323	0	0	0	3	-1
	Sequence	-edge_536_0_+disjointig_618_0_11521 11521 -534 11522 0 11521
Edge	1074	322	321	0	0	0	7	-1
	Sequence	+edge_538_0_+disjointig_62_0_72016 72016 536 72017 0 72016
Edge	1075	320	319	0	0	0	7	-1
	Sequence	-edge_538_0_+disjointig_62_0_72016 72016 -536 72017 0 72016
Edge	1078	1257	892	0	0	0	4	-1
	Sequence	+edge_540_0_+disjointig_621_0_16396 16396 538 16397 0 16396
Edge	1079	530	317	0	0	0	4	-1
	Sequence	-edge_540_0_+disjointig_621_0_16396 16396 -538 16397 0 16396
Edge	1082	314	313	0	0	0	5	-1
	Sequence	+edge_542_0_+disjointig_623_0_17758 17758 540 17759 0 17758
Edge	1083	245	312	0	0	0	5	-1
	Sequence	-edge_542_0_+disjointig_623_0_17758 17758 -540 17759 0 17758
Edge	1094	307	497	0	0	0	3	-1
	Sequence	+edge_548_0_+disjointig_630_0_16299 16299 546 16300 0 16299
Edge	1095	586	800	0	0	0	3	-1
	Sequence	-edge_548_0_+disjointig_630_0_16299 16299 -546 16300 0 16299
Edge	1096	306	305	0	0	0	3	-1
	Sequence	+edge_549_0_+disjointig_631_0_7115 7115 547 7116 0 7115
Edge	1097	303	1342	0	0	0	3	-1
	Sequence	-edge_549_0_+disjointig_631_0_7115 7115 -547 7116 0 7115
Edge	1100	326	302	0	0	0	5	-1
	Sequence	+edge_551_0_+disjointig_633_0_11122 11122 549 11123 0 11122
Edge	1101	386	788	0	0	0	5	-1
	Sequence	-edge_551_0_+disjointig_633_0_11122 11122 -549 11123 0 11122
Edge	1110	296	295	0	0	0	4	-1
	Sequence	+edge_556_0_+disjointig_638_0_16250 16250 554 16251 0 16250
Edge	1111	438	294	0	0	0	4	-1
	Sequence	-edge_556_0_+disjointig_638_0_16250 16250 -554 16251 0 16250
Edge	1114	1137	1068	0	0	0	4	-1
	Sequence	+edge_558_0_+disjointig_64_0_33045 33045 556 33046 0 33045
Edge	1115	466	421	0	0	0	4	-1
	Sequence	-edge_558_0_+disjointig_64_0_33045 33045 -556 33046 0 33045
Edge	1124	292	291	0	0	0	3	-1
	Sequence	+edge_563_0_+disjointig_644_0_9363 9363 561 9364 0 9363
Edge	1125	290	98	0	0	0	3	-1
	Sequence	-edge_563_0_+disjointig_644_0_9363 9363 -561 9364 0 9363
Edge	1132	289	852	0	0	0	4	-1
	Sequence	+edge_567_0_+disjointig_648_0_17387 17387 565 17388 0 17387
Edge	1133	1072	489	0	0	0	4	-1
	Sequence	-edge_567_0_+disjointig_648_0_17387 17387 -565 17388 0 17387
Edge	1136	1281	663	0	0	0	7	-1
	Sequence	+edge_569_0_+disjointig_65_0_129170 129170 567 129171 0 129170
Edge	1137	287	1146	0	0	0	7	-1
	Sequence	-edge_569_0_+disjointig_65_0_129170 129170 -567 129171 0 129170
Edge	1138	285	284	0	0	0	3	-1
	Sequence	+edge_570_0_+disjointig_650_0_10935 10935 568 10936 0 10935
Edge	1139	1369	797	0	0	0	3	-1
	Sequence	-edge_570_0_+disjointig_650_0_10935 10935 -568 10936 0 10935
Edge	1148	279	1243	0	0	0	3	-1
	Sequence	+edge_575_0_+disjointig_655_0_25003 25003 573 25004 0 25003
Edge	1149	199	906	0	0	0	3	-1
	Sequence	-edge_575_0_+disjointig_655_0_25003 25003 -573 25004 0 25003
Edge	1150	277	330	0	0	0	5	-1
	Sequence	+edge_576_0_+disjointig_656_0_19444 19444 574 19445 0 19444
Edge	1151	1241	633	0	0	0	5	-1
	Sequence	-edge_576_0_+disjointig_656_0_19444 19444 -574 19445 0 19444
Edge	1158	272	271	0	0	0	6	-1
	Sequence	+edge_580_0_+disjointig_66_0_133160 133160 578 133161 0 133160
Edge	1159	1367	900	0	0	0	6	-1
	Sequence	-edge_580_0_+disjointig_66_0_133160 133160 -578 133161 0 133160
Edge	1162	239	464	0	0	0	4	-1
	Sequence	+edge_582_0_+disjointig_661_0_9339 9339 580 9340 0 9339
Edge	1163	270	125	0	0	0	4	-1
	Sequence	-edge_582_0_+disjointig_661_0_9339 9339 -580 9340 0 9339
Edge	1164	743	485	0	0	0	6	-1
	Sequence	+edge_583_0_+disjointig_662_0_9295 9295 581 9296 0 9295
Edge	1165	269	268	0	0	0	6	-1
	Sequence	-edge_583_0_+disjointig_662_0_9295 9295 -581 9296 0 9295
Edge	1176	262	260	0	0	0	7	-1
	Sequence	+edge_589_0_+disjointig_668_0_16873 16873 587 16874 0 16873
Edge	1177	1323	259	0	0	0	7	-1
	Sequence	-edge_589_0_+disjointig_668_0_16873 16873 -587 16874 0 16873
Edge	1178	257	255	0	0	0	4	-1
	Sequence	+edge_590_0_+disjointig_669_0_14185 14185 588 14186 0 14185
Edge	1179	1378	1337	0	0	0	4	-1
	Sequence	-edge_590_0_+disjointig_669_0_14185 14185 -588 14186 0 14185
Edge	1180	1272	1026	0	0	0	7	-1
	Sequence	+edge_591_0_+disjointig_67_0_53988 53988 589 53989 0 53988
Edge	1181	119	254	0	0	0	7	-1
	Sequence	-edge_591_0_+disjointig_67_0_53988 53988 -589 53989 0 53988
Edge	1198	71	377	0	0	0	6	-1
	Sequence	+edge_600_0_+disjointig_68_0_44171 44171 598 44172 0 44171
Edge	1199	631	244	0	0	0	6	-1
	Sequence	-edge_600_0_+disjointig_68_0_44171 44171 -598 44172 0 44171
Edge	1218	237	376	0	0	0	3	-1
	Sequence	+edge_610_0_+disjointig_690_0_7137 7137 608 7138 0 7137
Edge	1219	476	236	0	0	0	3	-1
	Sequence	-edge_610_0_+disjointig_690_0_7137 7137 -608 7138 0 7137
Edge	1224	233	232	0	0	0	3	-1
	Sequence	+edge_613_0_+disjointig_693_0_8090 8090 611 8091 0 8090
Edge	1225	968	250	0	0	0	3	-1
	Sequence	-edge_613_0_+disjointig_693_0_8090 8090 -611 8091 0 8090
Edge	1234	1118	229	0	0	0	3	-1
	Sequence	+edge_618_0_+disjointig_698_0_9019 9019 616 9020 0 9019
Edge	1235	228	227	0	0	0	3	-1
	Sequence	-edge_618_0_+disjointig_698_0_9019 9019 -616 9020 0 9019
Edge	1236	226	221	0	0	0	6	-1
	Sequence	+edge_619_0_+disjointig_7_0_81207 81207 617 81208 0 81207
Edge	1237	1169	225	0	0	0	6	-1
	Sequence	-edge_619_0_+disjointig_7_0_81207 81207 -617 81208 0 81207
Edge	1238	944	224	0	0	0	6	-1
	Sequence	+edge_620_0_+disjointig_70_0_66022 66022 618 66023 0 66022
Edge	1239	495	223	0	0	0	6	-1
	Sequence	-edge_620_0_+disjointig_70_0_66022 66022 -618 66023 0 66022
Edge	1254	215	734	0	0	0	6	-1
	Sequence	+edge_628_0_+disjointig_71_0_40484 40484 626 40485 0 40484
Edge	1255	214	213	0	0	0	6	-1
	Sequence	-edge_628_0_+disjointig_71_0_40484 40484 -626 40485 0 40484
Edge	1258	960	1376	1	0	0	9	-1
	Sequence	+edge_630_0_+disjointig_711_0_12104 12104 628 12105 0 12104
Edge	1259	212	211	1	0	0	9	-1
	Sequence	-edge_630_0_+disjointig_711_0_12104 12104 -628 12105 0 12104
Edge	1270	695	1083	0	0	0	3	-1
	Sequence	+edge_636_0_+disjointig_717_0_9378 9378 634 9379 0 9378
Edge	1271	205	217	0	0	0	3	-1
	Sequence	-edge_636_0_+disjointig_717_0_9378 9378 -634 9379 0 9378
Edge	1274	204	1021	0	0	0	6	-1
	Sequence	+edge_638_0_+disjointig_719_0_15001 15001 636 15002 0 15001
Edge	1275	628	203	0	0	0	6	-1
	Sequence	-edge_638_0_+disjointig_719_0_15001 15001 -636 15002 0 15001
Edge	1294	397	198	0	0	0	4	-1
	Sequence	+edge_648_0_+disjointig_728_0_16681 16681 646 16682 0 16681
Edge	1295	196	1080	0	0	0	4	-1
	Sequence	-edge_648_0_+disjointig_728_0_16681 16681 -646 16682 0 16681
Edge	1300	100	1035	0	0	0	3	-1
	Sequence	+edge_651_0_+disjointig_730_0_17432 17432 649 17433 0 17432
Edge	1301	1030	1271	0	0	0	3	-1
	Sequence	-edge_651_0_+disjointig_730_0_17432 17432 -649 17433 0 17432
Edge	1304	1126	192	0	0	0	3	-1
	Sequence	+edge_653_0_+disjointig_732_0_30794 30794 651 30795 0 30794
Edge	1305	996	191	0	0	0	3	-1
	Sequence	-edge_653_0_+disjointig_732_0_30794 30794 -651 30795 0 30794
Edge	1312	188	186	0	0	0	5	-1
	Sequence	+edge_657_0_+disjointig_736_0_9301 9301 655 9302 0 9301
Edge	1313	184	183	0	0	0	5	-1
	Sequence	-edge_657_0_+disjointig_736_0_9301 9301 -655 9302 0 9301
Edge	1320	179	178	0	0	0	5	-1
	Sequence	+edge_661_0_+disjointig_74_0_34123 34123 659 34124 0 34123
Edge	1321	177	863	0	0	0	5	-1
	Sequence	-edge_661_0_+disjointig_74_0_34123 34123 -659 34124 0 34123
Edge	1340	625	172	0	0	0	5	-1
	Sequence	+edge_671_0_+disjointig_75_0_38060 38060 669 38061 0 38060
Edge	1341	171	170	0	0	0	5	-1
	Sequence	-edge_671_0_+disjointig_75_0_38060 38060 -669 38061 0 38060
Edge	1342	169	1288	0	0	0	7	-1
	Sequence	+edge_672_0_+disjointig_750_0_10232 10232 670 10233 0 10232
Edge	1343	1404	168	0	0	0	7	-1
	Sequence	-edge_672_0_+disjointig_750_0_10232 10232 -670 10233 0 10232
Edge	1348	365	298	0	0	0	4	-1
	Sequence	+edge_675_0_+disjointig_753_0_8712 8712 673 8713 0 8712
Edge	1349	165	1064	0	0	0	4	-1
	Sequence	-edge_675_0_+disjointig_753_0_8712 8712 -673 8713 0 8712
Edge	1350	163	162	0	0	0	3	-1
	Sequence	+edge_676_0_+disjointig_754_0_8389 8389 674 8390 0 8389
Edge	1351	1111	1247	0	0	0	3	-1
	Sequence	-edge_676_0_+disjointig_754_0_8389 8389 -674 8390 0 8389
Edge	1354	1319	395	0	0	0	6	-1
	Sequence	+edge_678_0_+disjointig_756_0_19184 19184 676 19185 0 19184
Edge	1355	267	161	0	0	0	6	-1
	Sequence	-edge_678_0_+disjointig_756_0_19184 19184 -676 19185 0 19184
Edge	1362	304	156	0	0	0	4	-1
	Sequence	+edge_682_0_+disjointig_76_0_16639 16639 680 16640 0 16639
Edge	1363	155	154	0	0	0	4	-1
	Sequence	-edge_682_0_+disjointig_76_0_16639 16639 -680 16640 0 16639
Edge	1364	1095	153	0	0	0	3	-1
	Sequence	+edge_683_0_+disjointig_760_0_10587 10587 681 10588 0 10587
Edge	1365	152	1143	0	0	0	3	-1
	Sequence	-edge_683_0_+disjointig_760_0_10587 10587 -681 10588 0 10587
Edge	1368	241	151	0	0	0	4	-1
	Sequence	+edge_685_0_+disjointig_762_0_17645 17645 683 17646 0 17645
Edge	1369	1163	1259	0	0	0	4	-1
	Sequence	-edge_685_0_+disjointig_762_0_17645 17645 -683 17646 0 17645
Edge	1372	1001	182	0	0	0	5	-1
	Sequence	+edge_687_0_+disjointig_764_0_13019 13019 685 13020 0 13019
Edge	1373	150	149	0	0	0	5	-1
	Sequence	-edge_687_0_+disjointig_764_0_13019 13019 -685 13020 0 13019
Edge	1384	1301	145	0	0	0	4	-1
	Sequence	+edge_693_0_+disjointig_77_0_10202 10202 691 10203 0 10202
Edge	1385	166	143	0	0	0	4	-1
	Sequence	-edge_693_0_+disjointig_77_0_10202 10202 -691 10203 0 10202
Edge	1402	1125	953	0	0	0	3	-1
	Sequence	+edge_702_0_+disjointig_778_0_6558 6558 700 6559 0 6558
Edge	1403	134	137	0	0	0	3	-1
	Sequence	-edge_702_0_+disjointig_778_0_6558 6558 -700 6559 0 6558
Edge	1406	132	195	0	0	0	7	-1
	Sequence	+edge_704_0_+disjointig_78_0_17663 17663 702 17664 0 17663
Edge	1407	131	136	0	0	0	7	-1
	Sequence	-edge_704_0_+disjointig_78_0_17663 17663 -702 17664 0 17663
Edge	1418	1390	124	0	0	0	3	-1
	Sequence	+edge_710_0_+disjointig_785_0_9547 9547 708 9548 0 9547
Edge	1419	1198	1179	0	0	0	3	-1
	Sequence	-edge_710_0_+disjointig_785_0_9547 9547 -708 9548 0 9547
Edge	1440	123	96	0	0	0	3	-1
	Sequence	+edge_721_0_+disjointig_795_0_15442 15442 719 15443 0 15442
Edge	1441	122	834	0	0	0	3	-1
	Sequence	-edge_721_0_+disjointig_795_0_15442 15442 -719 15443 0 15442
Edge	1446	474	121	0	0	0	3	-1
	Sequence	+edge_724_0_+disjointig_798_0_10311 10311 722 10312 0 10311
Edge	1447	120	547	0	0	0	3	-1
	Sequence	-edge_724_0_+disjointig_798_0_10311 10311 -722 10312 0 10311
Edge	1452	418	118	0	0	0	4	-1
	Sequence	+edge_727_0_+disjointig_80_0_155647 155647 725 155648 0 155647
Edge	1453	1227	860	0	0	0	4	-1
	Sequence	-edge_727_0_+disjointig_80_0_155647 155647 -725 155648 0 155647
Edge	1462	747	115	0	0	0	4	-1
	Sequence	+edge_732_0_+disjointig_804_0_11840 11840 730 11841 0 11840
Edge	1463	114	112	0	0	0	4	-1
	Sequence	-edge_732_0_+disjointig_804_0_11840 11840 -730 11841 0 11840
Edge	1464	434	111	0	0	0	3	-1
	Sequence	+edge_733_0_+disjointig_805_0_11930 11930 731 11931 0 11930
Edge	1465	110	1048	0	0	0	3	-1
	Sequence	-edge_733_0_+disjointig_805_0_11930 11930 -731 11931 0 11930
Edge	1470	514	106	0	0	0	6	-1
	Sequence	+edge_736_0_+disjointig_809_0_17774 17774 734 17775 0 17774
Edge	1471	105	142	0	0	0	6	-1
	Sequence	-edge_736_0_+disjointig_809_0_17774 17774 -734 17775 0 17774
Edge	1472	104	103	0	0	0	6	-1
	Sequence	+edge_737_0_+disjointig_81_0_31032 31032 735 31033 0 31032
Edge	1473	283	102	0	0	0	6	-1
	Sequence	-edge_737_0_+disjointig_81_0_31032 31032 -735 31033 0 31032
Edge	1492	266	325	0	0	0	3	-1
	Sequence	+edge_747_0_+disjointig_819_0_12111 12111 745 12112 0 12111
Edge	1493	92	389	0	0	0	3	-1
	Sequence	-edge_747_0_+disjointig_819_0_12111 12111 -745 12112 0 12111
Edge	1494	91	1070	0	0	0	6	-1
	Sequence	+edge_748_0_+disjointig_82_0_68998 68998 746 68999 0 68998
Edge	1495	90	89	0	0	0	6	-1
	Sequence	-edge_748_0_+disjointig_82_0_68998 68998 -746 68999 0 68998
Edge	1496	88	1362	0	0	0	3	-1
	Sequence	+edge_749_0_+disjointig_820_0_6633 6633 747 6634 0 6633
Edge	1497	93	1346	0	0	0	3	-1
	Sequence	-edge_749_0_+disjointig_820_0_6633 6633 -747 6634 0 6633
Edge	1514	83	264	0	0	0	3	-1
	Sequence	+edge_758_0_+disjointig_829_0_8870 8870 756 8871 0 8870
Edge	1515	567	999	0	0	0	3	-1
	Sequence	-edge_758_0_+disjointig_829_0_8870 8870 -756 8871 0 8870
Edge	1524	82	81	0	0	0	5	-1
	Sequence	+edge_763_0_+disjointig_834_0_14984 14984 761 14985 0 14984
Edge	1525	1407	898	0	0	0	5	-1
	Sequence	-edge_763_0_+disjointig_834_0_14984 14984 -761 14985 0 14984
Edge	1556	76	1190	0	0	0	6	-1
	Sequence	+edge_779_0_+disjointig_85_0_59689 59689 777 59690 0 59689
Edge	1557	128	74	0	0	0	6	-1
	Sequence	-edge_779_0_+disjointig_85_0_59689 59689 -777 59690 0 59689
Edge	1576	70	69	0	0	0	5	-1
	Sequence	+edge_789_0_+disjointig_86_0_50188 50188 787 50189 0 50188
Edge	1577	68	1292	0	0	0	5	-1
	Sequence	-edge_789_0_+disjointig_86_0_50188 50188 -787 50189 0 50188
Edge	1584	1206	627	0	0	0	4	-1
	Sequence	+edge_793_0_+disjointig_863_0_14172 14172 791 14173 0 14172
Edge	1585	65	252	0	0	0	4	-1
	Sequence	-edge_793_0_+disjointig_863_0_14172 14172 -791 14173 0 14172
Edge	1590	64	1011	0	0	0	6	-1
	Sequence	+edge_796_0_+disjointig_866_0_19781 19781 794 19782 0 19781
Edge	1591	56	62	0	0	0	6	-1
	Sequence	-edge_796_0_+disjointig_866_0_19781 19781 -794 19782 0 19781
Edge	1598	58	185	0	0	0	6	-1
	Sequence	+edge_800_0_+disjointig_87_0_45408 45408 798 45409 0 45408
Edge	1599	57	949	0	0	0	6	-1
	Sequence	-edge_800_0_+disjointig_87_0_45408 45408 -798 45409 0 45408
Edge	1602	55	310	0	0	0	3	-1
	Sequence	+edge_802_0_+disjointig_871_0_17602 17602 800 17603 0 17602
Edge	1603	573	54	0	0	0	3	-1
	Sequence	-edge_802_0_+disjointig_871_0_17602 17602 -800 17603 0 17602
Edge	1620	681	53	0	0	0	7	-1
	Sequence	+edge_811_0_+disjointig_88_0_189052 189052 809 189053 0 189052
Edge	1621	52	51	0	0	0	7	-1
	Sequence	-edge_811_0_+disjointig_88_0_189052 189052 -809 189053 0 189052
Edge	1632	50	1002	0	0	0	4	-1
	Sequence	+edge_817_0_+disjointig_885_0_10272 10272 815 10273 0 10272
Edge	1633	49	519	0	0	0	4	-1
	Sequence	-edge_817_0_+disjointig_885_0_10272 10272 -815 10273 0 10272
Edge	1634	1006	48	0	0	0	4	-1
	Sequence	+edge_818_0_+disjointig_886_0_20621 20621 816 20622 0 20621
Edge	1635	1386	1366	0	0	0	4	-1
	Sequence	-edge_818_0_+disjointig_886_0_20621 20621 -816 20622 0 20621
Edge	1640	720	197	0	0	0	6	-1
	Sequence	+edge_821_0_+disjointig_89_0_61082 61082 819 61083 0 61082
Edge	1641	47	46	0	0	0	6	-1
	Sequence	-edge_821_0_+disjointig_89_0_61082 61082 -819 61083 0 61082
Edge	1650	1147	133	0	0	0	5	-1
	Sequence	+edge_826_0_+disjointig_894_0_19232 19232 824 19233 0 19232
Edge	1651	45	366	0	0	0	5	-1
	Sequence	-edge_826_0_+disjointig_894_0_19232 19232 -824 19233 0 19232
Edge	1660	959	856	0	0	0	5	-1
	Sequence	+edge_831_0_+disjointig_899_0_11553 11553 829 11554 0 11553
Edge	1661	44	43	0	0	0	5	-1
	Sequence	-edge_831_0_+disjointig_899_0_11553 11553 -829 11554 0 11553
Edge	1664	1225	301	0	0	0	7	-1
	Sequence	+edge_833_0_+disjointig_90_0_89668 89668 831 89669 0 89668
Edge	1665	206	222	0	0	0	7	-1
	Sequence	-edge_833_0_+disjointig_90_0_89668 89668 -831 89669 0 89668
Edge	1666	42	41	0	0	0	3	-1
	Sequence	+edge_834_0_+disjointig_900_0_13083 13083 832 13084 0 13083
Edge	1667	40	39	0	0	0	3	-1
	Sequence	-edge_834_0_+disjointig_900_0_13083 13083 -832 13084 0 13083
Edge	1684	469	1042	0	0	0	7	-1
	Sequence	+edge_843_0_+disjointig_91_0_100258 100258 841 100259 0 100258
Edge	1685	38	801	0	0	0	7	-1
	Sequence	-edge_843_0_+disjointig_91_0_100258 100258 -841 100259 0 100258
Edge	1688	914	37	0	0	0	3	-1
	Sequence	+edge_845_0_+disjointig_911_0_17368 17368 843 17369 0 17368
Edge	1689	36	581	0	0	0	3	-1
	Sequence	-edge_845_0_+disjointig_911_0_17368 17368 -843 17369 0 17368
Edge	1702	200	35	0	0	0	3	-1
	Sequence	+edge_852_0_+disjointig_918_0_12173 12173 850 12174 0 12173
Edge	1703	34	33	0	0	0	3	-1
	Sequence	-edge_852_0_+disjointig_918_0_12173 12173 -850 12174 0 12173
Edge	1706	32	986	0	0	0	6	-1
	Sequence	+edge_854_0_+disjointig_92_0_24593 24593 852 24594 0 24593
Edge	1707	1047	907	0	0	0	6	-1
	Sequence	-edge_854_0_+disjointig_92_0_24593 24593 -852 24594 0 24593
Edge	1726	173	31	0	0	0	6	-1
	Sequence	+edge_864_0_+disjointig_93_0_57073 57073 862 57074 0 57073
Edge	1727	30	29	0	0	0	6	-1
	Sequence	-edge_864_0_+disjointig_93_0_57073 57073 -862 57074 0 57073
Edge	1748	28	1248	0	0	0	4	-1
	Sequence	+edge_875_0_+disjointig_94_0_60038 60038 873 60039 0 60038
Edge	1749	1196	27	0	0	0	4	-1
	Sequence	-edge_875_0_+disjointig_94_0_60038 60038 -873 60039 0 60038
Edge	1750	26	1167	0	0	0	5	-1
	Sequence	+edge_876_0_+disjointig_940_0_15120 15120 874 15121 0 15120
Edge	1751	25	24	0	0	0	5	-1
	Sequence	-edge_876_0_+disjointig_940_0_15120 15120 -874 15121 0 15120
Edge	1752	415	656	0	0	0	3	-1
	Sequence	+edge_877_0_+disjointig_941_0_7296 7296 875 7297 0 7296
Edge	1753	23	22	0	0	0	3	-1
	Sequence	-edge_877_0_+disjointig_941_0_7296 7296 -875 7297 0 7296
Edge	1780	965	21	0	0	0	3	-1
	Sequence	+edge_891_0_+disjointig_955_0_16515 16515 889 16516 0 16515
Edge	1781	20	597	0	0	0	3	-1
	Sequence	-edge_891_0_+disjointig_955_0_16515 16515 -889 16516 0 16515
Edge	1790	1305	19	0	0	0	4	-1
	Sequence	+edge_896_0_+disjointig_96_0_61897 61897 894 61898 0 61897
Edge	1791	18	17	0	0	0	4	-1
	Sequence	-edge_896_0_+disjointig_96_0_61897 61897 -894 61898 0 61897
Edge	1812	913	16	0	0	0	7	-1
	Sequence	+edge_907_0_+disjointig_97_0_53046 53046 905 53047 0 53046
Edge	1813	15	14	0	0	0	7	-1
	Sequence	-edge_907_0_+disjointig_97_0_53046 53046 -905 53047 0 53046
Edge	1814	983	13	0	0	0	3	-1
	Sequence	+edge_908_0_+disjointig_970_0_22404 22404 906 22405 0 22404
Edge	1815	380	12	0	0	0	3	-1
	Sequence	-edge_908_0_+disjointig_970_0_22404 22404 -906 22405 0 22404
Edge	1816	11	1102	0	0	0	4	-1
	Sequence	+edge_909_0_+disjointig_971_0_11485 11485 907 11486 0 11485
Edge	1817	148	873	0	0	0	4	-1
	Sequence	-edge_909_0_+disjointig_971_0_11485 11485 -907 11486 0 11485
Edge	1818	1114	1101	0	0	0	7	-1
	Sequence	+edge_910_0_+disjointig_972_0_12090 12090 908 12091 0 12090
Edge	1819	1391	10	0	0	0	7	-1
	Sequence	-edge_910_0_+disjointig_972_0_12090 12090 -908 12091 0 12090
Edge	1834	9	8	0	0	0	4	-1
	Sequence	+edge_918_0_+disjointig_98_0_48593 48593 916 48594 0 48593
Edge	1835	7	1119	0	0	0	4	-1
	Sequence	-edge_918_0_+disjointig_98_0_48593 48593 -916 48594 0 48593
Edge	1842	6	1384	0	0	0	3	-1
	Sequence	+edge_922_0_+disjointig_983_0_16379 16379 920 16380 0 16379
Edge	1843	5	4	0	0	0	3	-1
	Sequence	-edge_922_0_+disjointig_983_0_16379 16379 -920 16380 0 16379
Edge	1856	624	3	0	0	0	4	-1
	Sequence	+edge_929_0_+disjointig_99_0_19520 19520 927 19521 0 19520
Edge	1857	1174	1066	0	0	0	4	-1
	Sequence	-edge_929_0_+disjointig_99_0_19520 19520 -927 19521 0 19520
Edge	1868	2	1004	0	0	0	3	-1
	Sequence	+edge_935_0_+disjointig_995_0_17184 17184 933 17185 0 17184
Edge	1869	1	1231	0	0	0	3	-1
	Sequence	-edge_935_0_+disjointig_995_0_17184 17184 -933 17185 0 17184
Edge	1872	556	635	0	0	0	4	-1
	Sequence	+edge_937_0_+disjointig_45_0_57259 57259 364 64463 0 57259
Edge	1873	632	552	0	0	0	4	-1
	Sequence	-edge_937_0_+disjointig_45_0_57259 57259 -364 64463 7203 64462
